91
49
1722 2051 1912 8620
1400 6060 2157 2219
1984 4955 2406 3050
1788 9674 1907 6785
1357 1773 1527 9338
239 1857 333 949
689 8667 970 8636
1017 7679 1273 4724
1222 1341 2014 3952
1641 3229 1825 9008
1718 5911 2661 8751
1389 7130 1917 2665
1248 7948 2121 5515
511 5005 844 7559
1181 3189 1773 2606
859 3820 981 2865
317 2577 756 4118
309 2579 955 4712
518 4476 687 2764
613 1250 1428 9171
1192 2557 1519 4664
1799 3682 2160 5073
8 7352 906 1994
164 7868 667 7876
917 3287 1225 6454
1487 8487 2060 7261
179 1629 816 6026
259 7863 420 4793
215 2526 233 3384
1605 6048 1891 4559
148 626 862 8343
322 3888 682 6011
371 6788 640 4497
295 7893 1118 2221
35 2560 711 810
1775 6455 2292 8781
458 7304 937 6169
1487 3352 2235 5586
136 8052 392 7018
895 7392 1367 4505
1195 2047 2040 6711
553 4291 665 4646
1431 7871 1511 2320
940 3153 1747 5329
1498 7533 2348 5288
1784 4858 1897 2230
486 1783 725 2915
1380 1403 2263 5828
640 7054 852 5673
42
1507 4429 2264 3974
1332 4344 1792 4327
1083 8698 1973 4452
994 2004 1539 4237
1527 8071 1658 5537
1765 3069 1937 7065
1599 8589 1728 7955
848 4426 1242 4847
187 3715 785 4391
560 7705 789 5581
1588 2090 2207 2543
257 4888 375 6514
1211 3788 1808 9698
1008 6431 1576 6942
625 3687 1554 8504
65 4544 140 959
580 6623 806 3686
845 7167 943 4666
770 6774 780 6611
1017 4454 1390 8675
1590 4719 2012 4838
644 8271 690 2542
112 6788 750 6028
984 7576 1789 7771
152 2988 567 3945
1424 6657 2338 3476
259 8032 964 4429
1157 2488 1946 6249
115 1451 810 6914
175 5043 548 1921
298 2210 804 4457
1074 3398 1685 3984
365 1464 437 7438
1468 9237 2027 5080
1569 8100 2078 7214
1399 6100 1659 7238
837 3400 907 6436
121 2705 415 1775
860 7759 1710 5341
713 3488 1297 8009
972 6889 1781 5899
1129 3782 2049 3494
45
1780 7320 2704 6299
1858 6489 2326 4568
1352 4109 1418 3986
782 4937 966 1976
514 2759 716 7684
1765 7904 2503 4729
1612 5310 2547 10370
1537 4858 2160 8851
398 7494 655 3417
67 5255 167 7349
784 6364 961 5699
1134 3252 1491 8731
199 6716 395 1876
697 3113 1466 4611
385 1202 1085 3932
1856 6780 2508 6829
1942 8250 2554 10347
277 7702 1007 6700
1826 8759 1931 7019
1587 2073 2327 6595
1302 2541 1747 8236
1331 2634 1449 2147
1414 8280 1830 7102
960 4988 1112 3173
1723 2356 2045 5993
399 919 844 6731
93 8006 279 5236
147 1945 1121 2805
1098 6542 1101 3427
881 1374 911 2835
1142 7247 1760 7079
1757 3977 2097 8724
1417 7769 1698 4632
1194 2699 1843 4353
1811 3602 2716 7556
561 3801 1275 4462
1629 8005 1629 5575
567 4310 1317 4219
302 3556 425 7640
759 6521 960 6564
1653 9249 1888 8958
1420 5720 2173 3166
142 4826 1066 2061
907 4852 1223 4985
1513 9481 1743 1902
57
493 7716 1068 6057
1780 5724 2105 6403
36 5295 93 4022
1062 4451 1261 8521
334 1072 895 4259
348 3457 809 7642
209 257 662 1639
1663 9123 2396 9414
1617 9569 1659 2596
402 2800 732 2595
1981 5688 1984 7863
1383 2496 1957 4089
420 2174 674 1759
990 4895 1939 4438
1857 6607 2658 9834
1502 1898 1778 2856
944 5852 1934 7857
824 4193 1009 6685
64 699 294 3170
786 2173 1448 7132
420 1382 920 8092
144 3283 458 7698
1035 7161 1695 6853
1080 7152 1330 3700
1951 2139 2446 3256
1579 2676 2351 4204
150 1604 710 2579
942 8179 1609 8916
1883 8225 2006 2960
1612 7588 2290 6882
802 4467 1524 1593
267 3061 422 2340
1413 5130 2269 5276
1851 2461 2161 2356
1406 4029 1500 2628
1808 9436 2001 4095
1699 1924 2677 7221
1205 3668 1396 7297
359 4709 375 5499
331 2529 380 7083
1720 5881 2208 4064
407 3533 412 7994
1348 5366 1610 5817
1080 3433 2010 3582
313 669 615 1982
1411 6191 1911 7928
1190 5368 1257 5984
764 6820 1652 4652
1092 6542 1725 3232
1712 6351 1926 1976
46 7877 955 5049
1109 3955 1631 7009
1425 5406 2274 10217
1340 4820 2014 5081
541 7030 714 1793
870 8743 1318 4794
1345 2429 1428 6635
8
772 5942 1334 4298
953 2027 1289 4622
640 3606 827 5039
754 5208 1112 1367
564 7571 1298 8552
136 5690 647 7533
1723 8157 2378 3231
112 6192 791 7216
90
838 8661 1145 2671
58 5268 80 1366
1172 7971 1451 2225
999 1194 1751 4825
1814 5964 2585 9262
1074 3656 1294 4420
90 4482 821 3738
1964 5478 2365 5521
1521 4013 2317 4922
1287 1607 1541 5121
198 8185 805 6218
160 3171 730 8375
643 8549 1065 7653
1925 7344 2734 8961
1929 5078 2182 5921
413 5747 806 3112
1083 2752 1664 5335
850 1026 1840 3813
916 5085 1281 3066
1546 7289 2114 8544
1241 5434 1625 7329
675 3600 749 7888
1921 9170 1998 7671
1326 5493 2067 6453
1820 5699 2607 7654
1967 6598 2711 7632
1671 7703 1856 8454
1956 5351 2888 6169
1884 2784 2313 6151
836 2427 847 8372
1937 4334 2122 2573
354 2537 505 4394
1775 7863 2323 5972
83 747 310 8174
842 6891 1112 1141
133 3651 948 5465
1125 6687 1763 5636
1484 4530 2352 4212
1109 3839 1876 5585
1754 5873 2164 4661
775 4709 1478 3011
434 4839 1299 8181
1276 7045 1830 9312
1147 6175 1530 5919
1114 1117 1599 3126
1828 9687 2591 5318
1366 6804 2061 4097
636 2029 815 6982
1146 3072 1951 5743
1267 4177 1762 7026
1140 4144 1633 6250
1660 6597 1999 8029
1541 5156 1934 2397
1019 2272 1172 2155
110 6227 484 2100
1864 7227 2237 8042
631 1962 1071 2130
1193 7177 1706 2582
305 2745 1044 8563
1363 1621 1600 2189
1710 6394 2194 10187
223 3200 963 3401
215 6648 865 8448
1165 1848 1410 5022
545 6897 925 4341
881 5216 1057 8882
1626 6461 2106 7481
628 5719 1187 2274
1606 3552 2002 2125
1717 3081 2411 2945
1816 6369 2742 9780
374 3843 992 6187
1915 3339 2671 3018
526 2159 874 3667
463 7581 1318 6025
1524 6318 2333 10014
174 4093 382 4573
1833 9713 2076 4368
511 4554 1433 9289
226 1233 1058 2461
1098 5743 1987 4867
909 6461 1598 2938
1306 2378 1474 6316
582 7158 1496 6041
1601 6561 2007 9892
595 3958 1135 1208
106 671 364 2025
599 987 1282 2241
87 6171 756 3459
582 6716 1376 2874
35
1258 7303 2028 2096
731 5133 1644 6554
637 2453 796 1339
1193 8297 1779 7472
568 926 608 6936
1330 4396 1603 7940
1987 9038 2536 4764
240 6988 862 5070
1481 1868 2128 2586
1409 2493 1548 5121
1397 8822 2247 3145
1652 2991 1793 4180
1316 8026 1995 2688
1546 4798 1982 3186
1244 8797 1526 1746
1538 1680 2090 8788
1558 9389 1811 5090
1479 6259 2471 7843
1668 5196 2033 4347
306 2622 1023 8447
387 1170 1020 6991
1271 9265 1550 4626
1169 8927 1587 7858
1206 8680 1927 6957
1228 1758 2197 10155
1366 9106 2229 4178
1443 9140 1475 7874
624 2079 823 4946
811 6033 1658 5407
551 8493 1157 2014
269 7421 1033 3223
32 7787 58 1137
1347 4152 1770 3097
1225 9178 1600 7345
928 7492 1356 3074
69
596 6547 1257 6181
66 5737 542 2758
207 5098 1016 6425
1178 5458 1721 8811
1052 8203 1272 7426
272 5992 1009 1194
1602 7801 2353 9799
1905 5464 2673 2704
1188 7499 2020 8385
697 7073 1347 6352
592 4669 728 2875
286 1388 1210 8671
50 6608 190 8128
134 3417 209 4914
176 2189 621 7045
587 5343 726 2765
988 2707 1589 8414
623 8125 1622 2514
612 6186 1533 4248
655 2168 1642 6744
546 3025 1319 8025
609 1586 906 4876
1189 8222 1313 5336
738 6245 916 1142
1858 9052 2186 5857
1154 8325 1447 2835
999 7500 1869 4682
71 3183 97 944
583 6621 965 1916
876 3015 1341 6205
241 3968 940 1493
997 8634 1235 7067
489 1642 1279 8923
1892 3578 1952 9766
51 4559 104 3321
449 7798 944 4101
986 7786 1067 7799
1625 4573 2440 9367
928 2902 1579 6724
297 3817 422 1235
674 4309 1297 8278
1378 5886 2145 9521
1177 1308 1600 6338
1072 4358 1218 8407
1287 5223 2157 4290
1638 4582 2588 3956
1971 5399 2597 6671
974 4067 1422 1760
1288 7848 1989 8748
961 2206 1148 3017
1990 6859 2654 9022
291 7869 423 1900
553 2975 654 5959
795 2775 1774 3610
737 900 1526 8495
915 2770 1606 2998
20 4192 940 4127
284 7735 530 2102
1229 6663 2148 6151
1419 8203 1504 8797
1022 6977 1147 1242
225 619 277 5813
170 749 300 3466
1659 6129 1745 6900
1090 2972 1310 3977
54 3833 656 4487
1796 4189 2010 4654
129 3552 982 6513
1716 7271 2449 5048
88
377 1294 537 3424
234 6911 1187 7765
61 5994 578 4326
206 4708 292 613
1777 6800 2749 6072
223 7307 1137 2535
1481 8989 1995 3226
376 7388 378 5464
1595 5554 1620 8493
1460 3711 2068 4914
958 6337 1082 4743
237 7474 1184 3910
1301 1813 1476 2770
1359 5684 1749 1832
1756 5806 2060 6514
1478 8158 1550 3556
1378 6065 1726 7769
196 3391 794 6443
1646 7946 2452 6313
1173 5385 1955 7710
1717 6165 2103 7941
1737 9636 2310 6216
682 5494 845 8674
503 2096 1209 6242
1457 3800 2442 9214
226 881 454 7410
1544 4226 2090 5194
413 8328 1261 8778
14 1787 194 632
647 4726 941 1234
74 7432 372 1466
190 8114 1120 8482
532 1291 583 6007
1328 3440 1664 4444
272 6476 1067 1210
320 524 997 7325
590 1623 1106 7151
450 6932 858 4024
56 7999 190 7750
1301 1678 1693 7685
1963 2251 2317 3967
1201 1356 1456 6256
1025 1637 1695 8559
566 2989 1400 4011
1496 5002 1643 1774
913 6218 1135 6117
1865 3450 2290 9092
496 3577 677 4236
635 939 1315 2818
1217 6815 2105 7649
299 6180 809 829
1473 4460 1924 4617
1521 1948 1807 6797
642 4496 1177 1303
321 6781 1005 3582
123 6013 207 445
487 1032 821 1182
1851 9494 2184 10106
189 6773 221 8014
1553 6666 2015 5588
657 6032 739 1978
702 1144 1536 3143
992 4080 1830 6572
347 2522 567 4702
1514 7740 1978 9569
1868 5797 2535 8673
1133 6917 1859 4978
21 7886 195 3494
1890 2817 2871 8112
1551 4665 2451 4539
1718 4638 2659 4277
1698 6125 2592 3279
980 7434 1579 8218
1825 8165 2073 7873
195 7283 446 7416
400 3533 1130 3901
741 2226 1513 8879
1592 3792 1950 9600
1279 4377 1548 6843
537 2988 1104 5046
1475 7103 2080 7873
900 6188 1485 7625
52 642 395 3903
882 3612 1479 4874
83 7321 657 3308
1662 8350 2594 8616
453 2098 1070 8627
1223 5207 1405 8345
3
160 1969 925 8678
865 5009 1566 6827
1195 1839 1795 9205
89
1917 4456 2552 6823
1892 2051 2158 10149
123 7927 810 829
487 5933 1172 4142
1924 8836 2653 4106
1710 3433 2412 9972
1904 8994 1973 3139
1263 7039 1573 5199
1968 6560 2436 10324
1513 9220 2313 4044
1253 6395 1996 5970
153 6593 292 1269
90 3279 877 4944
1390 8382 1409 7245
233 2219 608 5752
774 8039 1440 5774
1887 5678 2806 5152
905 2755 1442 5101
685 4475 1407 3041
1072 1294 1133 8542
1455 7098 2066 2784
1853 6901 2849 10406
664 6957 1417 5908
1258 1814 1479 3712
1677 8412 2654 9131
1172 8105 1522 7720
661 3555 1334 5954
1114 5913 1207 2061
814 8541 1209 3230
205 8172 839 2243
416 6514 520 8173
1428 5804 2282 9531
680 3170 1577 1797
548 1825 1285 8500
53 2600 151 5209
900 3440 1419 7124
934 8461 1642 8036
886 8212 1049 3531
530 4542 1455 5187
161 3122 288 7001
1401 7460 2226 5884
1994 7253 2618 3472
1942 8507 1980 3422
1051 5916 1341 2151
839 8130 1701 5289
83 3186 435 5351
480 5542 1179 7653
1897 5924 2339 9777
1939 4582 2801 8985
137 7931 977 8873
1275 7041 1680 2683
289 4024 479 6180
208 5055 238 702
130 6482 602 7882
1137 2188 1688 3961
1158 6449 1231 1759
1416 2444 1456 2803
430 2326 875 5473
982 4260 1963 6060
1113 2262 2004 9663
1566 6694 2091 4669
515 4670 693 4970
1493 6481 1770 7774
1523 5979 2451 5517
1229 2350 1512 1904
745 6565 1140 4783
1447 7272 1817 9625
1507 6723 2494 4207
754 3502 1267 7031
1118 5396 1638 5399
305 6034 1091 4049
1674 5097 2003 4307
1829 4053 2395 3467
1005 2040 1169 7247
732 2981 1089 3933
270 3419 867 3070
668 2063 888 1989
494 697 1280 8442
333 7598 883 3604
1955 8363 2370 7514
1083 4675 1544 3394
308 8288 1181 8690
1773 7780 2351 7185
661 8288 1640 3256
90 3978 294 1042
1338 8582 1624 8535
1650 9007 1812 8594
823 1774 1367 7569
1070 7290 1481 6476
65
386 8178 915 3964
1420 1646 2090 4411
1607 4768 2245 9186
1603 3100 2567 3987
398 8339 578 1002
1820 4183 1904 2081
320 2697 499 1511
1598 3147 1838 2552
379 8276 1065 1727
210 1642 994 5791
381 1592 1295 3899
854 7478 1451 2696
380 4000 1072 9018
339 5317 823 2549
485 3201 716 4366
719 5943 984 8695
1360 8691 1487 5827
327 7788 777 5209
1589 9556 2321 7577
1788 5291 2112 3790
844 3376 1780 7100
670 3101 1553 4971
1701 9460 2219 6658
766 3898 789 3561
1022 7204 1469 8517
805 4784 1314 7412
948 4705 1004 2253
1634 4730 2082 4800
1474 8993 1760 7271
311 1533 975 6419
479 5525 1198 6675
1290 9008 1896 9667
308 2709 347 7879
856 5749 1347 4371
1496 9179 1585 8408
86 6409 509 6512
1837 7441 2646 8813
394 6926 1132 7135
0 5719 409 8398
1438 6914 1713 6702
285 323 718 5207
1980 9047 2113 7745
817 5707 963 5406
1834 6797 2121 7154
425 998 627 8059
1461 2010 1529 6253
1108 1217 1775 2777
936 2767 1828 9801
341 5843 1007 1200
550 8357 1039 4647
170 6722 918 1394
513 7421 790 8783
1784 7962 1839 1942
1049 8824 1581 7811
201 4015 1186 2063
1637 7241 2010 4374
1821 7746 2685 3851
1258 8141 1912 8698
1640 5146 2376 8552
541 3565 582 3626
1166 5205 1541 6376
45 3484 207 6562
1105 1857 1214 6721
347 5496 1297 1401
574 4145 695 7146
8
442 568 1367 8848
631 4108 943 3927
985 5341 1876 5442
1679 8436 2050 9547
183 2622 795 2129
316 5116 708 717
757 7514 1488 6211
1643 2072 2143 9683
31
1932 4581 2266 2508
800 3771 907 8855
249 7932 1098 9026
229 685 521 2056
1002 8324 1275 5075
225 3944 391 4905
1997 5210 2686 7441
199 3793 1019 6889
1323 7918 2290 5948
1779 7228 2399 2637
64 7534 290 7794
258 4580 746 1780
45 2236 411 6211
833 3194 1153 7062
1066 6934 1629 4344
1412 4814 1939 4338
637 7453 1421 3158
248 7189 876 3221
1981 8356 2855 10287
1751 4683 2712 6308
530 2104 1449 1690
1942 6524 2908 8557
405 3800 1175 6706
350 6677 895 3856
1340 4727 2293 3076
571 2938 1393 3119
1949 7093 2433 6599
35 5265 955 2256
719 1842 1185 8440
630 2166 1118 9044
1222 3360 1511 1630
16
705 4885 1510 4785
1898 6430 2287 9377
1674 4604 2321 3269
393 4055 778 4156
343 6328 787 5094
1274 5285 2041 8743
1821 4123 2094 8017
1023 3739 1050 7053
1321 5773 1548 4506
1382 5990 1570 6655
675 4470 782 5718
937 3247 1768 2830
368 1577 569 3431
1104 2149 1421 6560
147 866 938 6615
1582 7441 1978 2603
29
705 1839 1704 3940
21 2001 855 1076
858 5228 1000 2952
1147 3145 1788 7388
261 3167 529 5590
442 7216 593 5938
302 5259 1289 4680
1915 3927 2168 6528
1858 3226 1983 2654
986 4543 1086 7214
1845 7100 2572 6726
1176 6299 1620 5007
780 4952 1714 6918
1982 6289 2319 9020
47 6988 489 4628
1631 6455 2517 4848
1434 9324 1485 7044
1497 5065 1947 6197
1378 4491 1672 7711
1620 5418 2160 7949
961 5684 1790 2640
7 3103 159 1423
754 8235 1151 3756
1643 8347 2226 8785
581 982 1571 3451
1087 9013 2057 5493
733 6712 1049 1096
970 7255 1774 6254
1511 2223 2358 9825
73
846 8310 1318 7184
1950 6715 2041 4994
1857 2747 2697 5602
21 5336 444 6708
706 5667 897 4226
1097 3119 1734 3194
1233 5798 1347 4216
910 3643 1000 7388
496 1686 705 3665
640 3472 659 4891
523 7718 1116 3653
260 3947 456 5355
1171 5651 1525 8027
1861 4401 2281 3069
631 875 1181 5182
1795 8975 2638 8097
1988 3818 2924 8339
630 4596 838 8516
114 3841 120 6063
28 7979 717 2839
333 6266 1011 8233
1973 3830 2418 5257
1433 3477 1506 9339
896 4713 899 1108
217 1891 604 2268
172 1596 384 4973
954 8257 1667 4137
957 2989 1366 7792
236 1655 521 4806
1378 5130 2036 5160
550 7240 1440 5531
1662 2365 1820 7286
1817 3648 2383 5705
964 1739 1839 8580
83 4232 168 5319
334 4431 534 3615
1230 7334 1668 8195
1522 3296 1643 9381
415 1025 1312 5353
1803 7221 2046 6385
902 5318 1831 9822
1533 5863 2423 4985
365 8329 1098 3699
1871 6719 2656 5235
412 2624 1127 7697
528 4883 793 2911
1814 6355 1912 3222
1422 4395 1456 8234
857 6347 1599 8687
1760 4096 2695 3983
1110 2135 1222 4571
303 7723 1119 6494
1078 8762 1773 7514
1135 3257 1439 5777
547 8534 659 8613
989 8880 1949 9912
1344 3699 1880 7197
16 4524 687 7013
196 4957 626 842
1850 7893 2583 6212
947 8109 1407 9307
640 1609 1244 9024
980 7677 1858 3723
837 7973 1004 1037
991 3126 1414 6525
1145 3892 1788 5162
540 6917 1078 3315
1076 8563 1704 2146
54 4126 871 7308
864 7087 958 7017
878 6428 1085 4813
174 5883 903 3443
846 8233 1120 4806
15
1386 1416 2160 2391
911 8779 1155 6062
278 1159 703 3518
1207 6458 1817 5517
326 5808 1273 6466
1060 8672 1873 3729
30 4776 453 5549
845 2509 1138 5138
506 5826 514 749
1956 3520 2574 5584
116 1300 499 2443
674 2887 926 1654
196 3787 1173 1650
1857 5459 2622 6118
1691 5889 2043 6958
17
687 2304 926 4389
201 8063 1104 3889
1246 6449 1863 9488
303 4838 449 3613
1906 4529 2344 9628
444 7478 927 3587
1994 7914 2201 6043
624 6949 1075 4432
1829 7289 1915 5461
1783 8983 2648 6593
276 5289 1093 2286
1051 1482 1305 7216
1763 6691 2421 4824
1204 6697 1717 9158
1435 6966 2292 10033
1680 6579 2290 5510
216 2315 752 7530
48
1047 4641 2014 2730
1412 8941 1923 5548
247 6991 623 6096
1055 7400 1648 7990
1961 6579 2231 7000
1421 2430 1993 6003
1383 8376 1998 9483
145 4074 929 3266
474 4621 678 8020
1118 3658 1548 4995
19 6295 67 2717
1075 4821 1225 8972
175 1799 187 3766
396 2744 1173 7166
25 3727 546 7665
804 4996 1518 6138
1628 7240 2156 5842
1013 5906 1520 7432
412 4185 1393 8792
1922 6555 2330 8477
651 1049 1327 3433
1664 6516 1923 6249
1818 8238 1873 6758
208 6431 992 4019
67 2906 648 7177
1515 8422 2477 5660
1542 3389 1636 8579
356 5667 439 2072
1812 7655 2374 5992
1981 6276 2641 5247
627 7461 696 6110
582 1041 1470 7792
1538 2104 1775 2791
1141 7145 1733 6394
498 2129 942 6989
1391 5716 2387 8339
1519 6212 2327 5818
785 3748 875 5109
1182 4688 1933 8702
163 5811 965 6755
1352 8376 2036 5295
103 2053 846 2075
1419 2464 1915 8422
204 2346 506 7265
1073 6467 1880 7624
915 7658 1154 7737
1099 4298 1558 9077
313 4241 424 3189
94
465 3304 1256 5673
737 3064 1507 9034
1997 2487 2938 8991
1727 1992 2213 6197
782 8543 1636 8951
752 4821 1213 1906
1324 1780 1449 7699
1058 2383 2002 7348
1652 3645 2263 8320
92 5422 830 956
1036 5162 1663 6310
1338 1686 1857 1950
1203 3164 1276 8416
476 1625 925 2061
1408 4279 1485 5396
1277 6125 1548 8100
835 8020 928 5522
1132 6620 1156 1717
777 4284 1219 7619
288 2872 1020 1535
1141 6696 1441 9322
811 2524 1103 5607
1155 9003 1857 1862
1400 6266 1715 5172
125 8105 613 1598
1429 3487 2069 7708
1319 8311 2043 3861
346 7350 680 2033
1191 3598 2181 8431
1653 6647 2471 3585
1560 9011 1870 9084
429 1871 1366 7551
300 5939 625 5443
946 2983 1551 9526
344 3985 1159 8018
789 4471 1779 5739
75 7569 101 2777
431 2523 1154 3534
1883 5067 2653 6495
1777 9072 2770 3919
1716 5430 2510 2778
993 5486 996 2432
60 3710 303 7423
1181 2924 1703 1946
1346 7152 1636 6966
827 2563 1452 7950
1367 6744 1384 4239
1038 7069 1954 4569
1002 7620 1313 5321
432 1403 944 1855
775 5700 827 7677
743 1047 922 2098
969 7128 1162 8608
949 5383 1088 3211
894 2895 1850 2372
353 7917 1031 4503
1009 5124 1174 4097
996 4989 1562 3585
770 4793 1769 7283
414 6610 829 3334
285 3989 789 2939
48 7104 341 8191
594 5195 1340 6140
1602 4657 2287 2998
1237 3908 1332 5079
577 2979 1322 7680
1935 6599 2838 4836
1698 7454 2456 3371
1529 4991 1883 4226
194 1901 678 7187
763 1008 1760 8400
1251 5572 1320 4415
1881 3606 2726 10466
1323 1363 2320 9198
791 4924 806 1497
1259 4897 1713 2508
1821 7548 2813 6392
94 4659 173 7204
512 2733 1248 5857
992 7753 1234 7598
1752 9115 2257 8505
390 6261 739 3833
241 307 761 1764
34 7479 222 5896
1710 7076 1905 3345
133 4653 184 3068
1355 6981 2071 2457
1536 2123 1586 6959
1998 4498 2740 8053
1990 5250 2609 2704
1688 8367 2178 4505
1815 4506 1924 2807
1198 8484 1265 8620
1708 4374 2601 6647
25
1787 4912 2213 2240
1833 3479 2257 7666
703 8564 1648 5296
1957 5292 2261 6397
408 2789 830 5588
451 2683 688 2235
126 4650 225 3287
798 2463 1151 6696
385 2760 861 8850
71 6724 127 5041
1227 6423 2087 4500
411 1846 620 2369
1607 7173 1989 7148
1544 8841 1902 8912
1156 8736 1567 3758
1421 1795 1617 2865
1228 4131 1995 6803
1395 7984 1883 9500
1455 5285 1817 8393
350 1210 1335 4680
1854 6538 2108 7487
375 4026 755 4223
993 6675 1526 4393
568 2494 1041 3061
55 6766 776 1437
44
1238 6516 1521 5123
1005 2503 1469 7978
1811 7688 2805 8506
1659 7216 2090 10061
822 6993 1090 1543
1316 7671 1570 5862
1261 2763 1910 7652
408 6537 1050 8230
1990 3279 2592 4810
972 6718 1203 8678
1933 1960 2395 5266
712 1679 1061 2174
1569 4424 2008 2450
256 2171 641 4147
80 6527 1034 2853
1973 9727 2759 3732
393 868 803 5328
839 5120 1230 8091
71 5737 424 1882
1705 5359 1953 3490
656 8284 1631 3526
1387 1982 1669 5954
1811 6034 2294 4651
948 5706 1132 2088
1234 6967 1293 5100
1983 6790 2744 7719
738 7879 1226 2410
1647 2604 2112 6970
1300 3767 1705 1864
193 8033 572 6787
139 1296 912 2068
259 6536 585 7342
801 5638 1392 7983
824 7663 1323 2426
1506 1832 1610 5344
1507 2509 1580 4182
1113 7664 1607 6476
1165 1211 1818 2386
553 7878 633 7313
1955 4440 2033 9550
446 4154 786 1918
123 5000 735 1535
229 1397 261 784
1562 8567 2218 4867
52
884 6536 1138 8597
1130 6760 2026 9561
1307 2915 1699 9642
1355 4934 2317 5375
1897 8698 2757 6296
1977 9422 2696 4834
1475 4658 2292 6906
1457 1528 1480 4841
147 2113 439 1393
453 4397 1390 7272
802 4739 868 6056
504 4230 708 1688
820 1697 1730 4744
1211 4903 2138 9509
1866 4625 2413 7539
1451 8428 2029 5135
1442 8019 2212 9757
1734 9410 2346 9098
580 5007 979 7497
465 6775 1378 6930
622 1290 892 1539
1955 3318 2215 4162
1811 4717 1982 8686
1887 9597 2102 9631
1740 5783 1876 5169
1305 3951 1573 2798
797 3811 1100 7901
1738 7796 2550 3662
1126 1847 1189 6389
157 193 171 720
1135 4550 2129 8964
1248 3599 2033 2472
1413 4426 2355 9838
1589 6107 2177 6633
1175 4869 1693 7842
1691 6270 2622 8763
1215 1357 2095 9574
986 3269 1773 7764
1329 3543 1793 3908
267 4563 759 5310
549 6738 1479 4450
1443 4010 1585 5996
522 6829 1330 3032
1699 5798 1902 2179
723 5083 1563 2982
666 1178 1580 3236
967 6666 1329 2898
971 1892 1698 5734
800 7446 1276 3225
964 1297 1420 7974
1365 2634 2065 8753
1228 6474 1866 6080
48
1558 2894 2381 3693
114 1888 393 6717
349 1521 1165 4857
1964 8508 2722 3824
396 3373 693 3620
520 6506 530 6175
984 4067 1079 1619
1539 5656 2031 9267
1006 4986 1809 8420
1575 4310 2439 4213
1494 7885 1559 6363
1322 5051 1875 9241
1590 7511 2389 5660
167 1159 1104 3082
175 2344 401 5601
1927 6225 2351 3143
471 7294 1013 2881
850 3882 974 2767
399 1881 1132 2539
400 1561 700 7133
1443 6513 1467 5551
1567 2560 1845 4182
1753 4641 1975 8919
469 1908 640 1056
1468 2559 1852 6210
204 2108 825 2206
1226 1709 1696 3701
504 1777 516 6779
576 5417 1064 4404
21 671 1006 3340
565 4513 788 3464
631 1851 1135 2454
1730 5153 2537 8143
220 6494 506 8199
221 5104 339 2663
1707 3088 1910 9519
1978 9217 2782 5245
1813 8687 2449 6254
1979 2831 2695 8573
714 3592 838 4517
867 7437 1647 3898
307 843 761 7253
1339 3568 1865 4118
86 5880 514 589
700 8159 783 1597
779 2634 1299 5626
586 6385 657 966
996 5890 1678 9448
95
400 7317 824 7378
728 3132 1613 8818
1723 6038 2206 3846
1668 3604 1753 7775
578 5856 1035 3242
904 6730 1699 5929
1835 8822 2091 2749
1639 2550 2530 4791
1512 9176 1792 5165
433 8313 1320 3874
1254 8781 1862 3110
568 1496 648 3489
7 1465 765 8689
880 2593 1527 8711
826 1219 1647 3748
712 7596 1138 5640
1294 6722 1559 2192
83 4348 1072 2058
1128 3513 2037 6011
1856 8533 2142 8921
1148 4908 1600 3378
1308 5732 1583 8747
1620 7495 2505 4621
1375 2881 1684 6038
91 5501 520 2933
1677 4575 1823 6511
1772 6484 1950 5413
991 4773 1748 4299
478 6812 1302 2225
1512 7658 2081 8530
1486 4189 1570 2471
781 2942 1046 4876
69 5251 87 8027
1618 2874 2528 3561
185 7086 1052 3150
474 6052 1015 4138
1936 2831 2729 10011
772 1567 1525 8450
1804 6737 2027 6864
391 5697 1086 5055
1577 4450 1654 8087
1708 8686 2305 6756
257 7333 719 5464
1979 2784 2254 3994
896 6567 1685 5815
760 8161 1027 3224
915 6962 1397 2741
995 5969 1111 3566
1084 4170 1606 2199
1788 5457 2664 6287
1131 5708 1829 9418
1567 2895 1652 3612
454 479 1215 6211
1910 8087 1912 6153
321 5286 584 2118
592 8068 1107 1258
1131 4113 1300 6741
1080 8363 1710 8958
1304 5798 1757 8926
658 2804 1598 3065
1460 5732 1786 2650
487 8298 765 6032
617 1855 1307 6242
1729 2139 2713 6717
1732 8706 2182 5092
1238 8880 1867 5649
922 2821 1242 4156
666 5248 931 7626
1605 2837 2118 8638
819 5585 897 8866
1219 6019 1571 1590
181 896 455 4754
1042 6483 1248 9169
305 2598 1276 4070
557 8403 852 4642
102 7136 661 3247
1697 6007 2630 8424
1537 4325 1696 9234
845 4826 1047 4431
1981 4058 2004 2153
417 1220 1334 8898
1272 8080 1721 7032
1656 6247 2137 8987
370 4365 978 2174
1265 2245 2180 9716
819 5070 1236 8740
1745 3928 2100 5084
1191 5632 1997 8443
81 3959 524 5925
1035 2145 1199 6268
219 7724 325 6753
1413 5845 1638 6445
666 4089 1607 3657
1048 6908 1941 2921
741 8034 1559 2394
86
417 6011 499 7075
170 1752 724 5606
898 1416 1870 5394
238 1396 418 7065
399 3850 816 6094
1581 6649 1698 5021
387 711 483 5255
324 4783 658 2551
1421 8254 1830 2885
1849 9025 1895 3995
128 7468 284 6762
78 7052 134 6531
278 401 961 4871
658 4037 1016 1992
1524 4373 1710 2095
463 6792 936 1217
1830 9397 2538 7788
948 5314 1126 6489
1259 6168 2237 6695
1160 2042 1439 2645
872 4600 1114 5609
495 2602 1230 1234
197 4708 1081 7900
1442 3613 1903 3067
1715 2686 1782 8089
927 3856 1622 7134
1449 9442 1599 4926
964 8112 1055 4784
3 7185 348 7154
1772 8839 1790 6588
217 7206 1133 7532
959 5614 1654 6447
1522 5792 2438 8713
284 6687 522 2124
701 2658 888 8568
1285 7239 1433 2909
795 3257 1253 3655
1735 2410 2283 9681
130 4359 148 5608
695 2805 1457 8219
387 7305 892 3733
273 4262 741 6449
1915 7935 1919 8841
1019 4468 1092 1196
1891 4225 2060 9607
1659 2377 2280 6735
519 8432 769 775
57 3041 983 4354
8 6247 832 1074
285 5913 921 5884
271 417 604 7181
352 2072 402 7370
402 4840 511 3697
601 8448 639 3254
1100 2627 1150 2178
870 6717 1809 6770
1786 9475 2250 7891
1690 1997 2317 9448
624 3078 1580 3284
1004 7301 1991 5127
629 6735 1599 8538
1758 5109 2451 6954
1718 9010 2341 2452
905 6274 1066 1288
1652 9040 2619 3351
827 6279 1658 3213
1369 8153 1528 3279
1447 3953 1928 3727
1317 8107 1921 2433
1213 4169 1664 6947
1324 5132 1397 8886
1908 5315 2005 5036
482 5321 1396 3752
83 1581 463 1625
243 5121 1241 8572
809 2877 950 7771
13 3087 381 4816
1543 2585 1798 5648
1669 7098 1777 7859
1954 4245 2809 3020
848 1827 1037 5514
1836 5113 2547 8400
828 6230 1510 6749
420 4916 510 6544
482 5528 1191 1949
1117 2993 1600 2139
61
1911 9095 2353 2580
1205 3832 1635 5273
1394 6811 1559 1849
581 2503 649 6755
267 5112 357 4596
1975 9441 2924 6773
1218 2910 2135 2900
698 1593 1055 6941
590 4082 1106 8867
446 6306 621 1137
1177 1599 1412 1434
402 4991 1241 1646
1452 8619 2356 5987
1233 5226 1711 2428
700 3706 717 4995
1624 6222 2217 7317
852 2451 1668 7430
1006 5060 1785 6693
1841 3458 1879 6758
222 5158 522 8278
389 7079 554 724
1308 1799 1777 2557
916 1315 1328 2615
154 2899 266 6469
599 2389 1302 3133
895 5160 1406 7381
852 6701 884 7428
1559 6186 1748 8900
1169 3053 2060 9292
163 887 570 5941
1471 6847 2085 9762
554 7954 554 2297
255 7621 567 5692
219 2008 406 1847
1731 2966 1938 4756
1023 1028 1308 6182
1119 7830 1915 2151
1764 5832 2695 9270
1848 2825 2803 3878
1011 2388 1295 5187
1001 1985 1647 7891
557 4111 755 1664
1164 5954 1789 6208
1915 8291 2350 4520
1331 3074 1481 5500
948 2652 1897 8646
1707 1871 2305 9105
764 7406 1563 5009
645 7487 700 7167
287 5676 588 7356
1534 4416 2142 3277
945 3991 967 8808
50 350 936 5806
384 7680 967 7439
1301 4517 1596 3398
249 5110 740 2881
104 7353 1058 7058
100 5944 407 4345
1260 2454 1993 6691
934 5186 1245 7611
426 1102 966 8767
14
1138 7276 1897 9041
1183 1919 1196 6319
522 1236 1225 7998
109 2992 723 7398
1215 9176 1235 3323
1564 2778 2157 4463
1182 5573 1857 4252
1135 4355 1998 9175
929 2026 1147 6545
186 4917 315 6050
1063 2017 1486 8567
964 4177 984 3026
95 2768 979 7200
951 3794 1863 2472
42
665 2416 1059 2446
1252 8425 2245 6935
131 6502 399 3476
910 3407 1290 1672
1336 1359 2150 2350
1420 5541 1967 2095
1054 5441 1111 5815
1136 4545 1875 6102
1749 5684 2055 2994
1243 8994 1442 6868
789 7727 1339 4706
535 3823 1205 7901
1265 4005 1297 5209
1744 8076 2129 8876
573 7012 1175 3881
1744 9596 2366 5675
1427 5313 1840 3461
1640 8953 1825 5218
1231 7895 1900 4842
1563 7719 1615 4516
1377 6172 2266 8115
1486 5477 1565 7141
702 3026 1108 5285
1489 4261 2117 5870
1975 5134 2679 4846
280 1979 948 7017
1714 6719 1823 8545
1609 7871 2190 9379
1271 4533 2154 7368
1547 6434 2376 3654
1013 3845 1694 4657
202 5613 383 5569
33 1785 718 2707
1462 1639 1898 8802
612 1814 685 7878
219 7316 426 557
1985 8973 2062 3961
39 4271 1013 7710
724 2205 1083 8206
762 1220 1071 4916
876 7296 1293 7557
672 5447 1223 5713
74
236 5095 431 1132
1309 3762 2296 3691
1139 1973 1317 6658
846 1714 1378 1982
329 6016 744 4423
1646 9253 2038 9878
1333 8808 1464 2606
1179 3075 1300 8569
1015 4165 1549 5754
558 3823 1413 4012
900 7615 1236 8208
1462 4995 1849 6911
755 8317 1131 7355
291 1816 593 3278
430 2034 671 1065
1706 4976 1984 9316
879 8789 1189 2639
1821 6276 2095 7648
145 853 991 8156
264 7992 733 3708
409 5570 893 3473
1938 3739 2498 3967
216 7549 416 5614
999 5233 1725 7265
588 1308 678 7430
1335 1366 1380 6783
1595 3590 2262 8630
152 2565 787 3080
1146 4622 1719 5828
447 1292 531 3160
1837 6669 2115 7263
401 676 569 5761
1423 8138 1518 6854
1630 8528 1851 4802
1360 5674 2207 8505
1739 4551 1762 2989
1966 9396 2509 3558
1090 2271 2056 4572
1800 6803 2297 10236
1809 8506 2152 3811
586 2243 1203 6800
45 6076 625 5218
467 3354 1175 4523
876 8866 1391 6442
744 5932 1389 5471
1526 7777 1622 3598
1141 1234 1175 3963
1220 2981 1588 2881
1585 7943 1863 5076
780 5873 1117 2863
461 3480 1141 2241
1556 6405 2158 4898
828 7797 1525 8108
1022 6486 1702 7350
1591 7682 2311 2482
1522 1737 1631 2049
1636 6069 2307 4718
1489 5272 1597 3121
357 2097 859 8404
450 1142 1049 5603
381 4726 1330 6177
1823 6014 2134 4451
892 5897 1592 5837
1009 1553 1816 7645
1067 5195 1856 2687
646 4032 1462 9049
14 985 949 5669
356 7938 791 6400
1561 2157 1804 4989
25 5774 675 3893
667 4618 701 2988
1771 7616 2112 2442
143 4673 240 4006
1218 6234 1724 1806
4
1146 5345 1588 3426
443 4393 611 8329
1688 2899 2532 9022
500 5117 1091 7249
72
1155 1515 1301 1796
222 2874 890 7761
511 4312 759 5691
1262 2842 1850 6128
999 1882 1901 3249
1792 3631 2577 10352
682 5358 1430 7329
1070 3653 1401 5216
142 2832 1117 3978
1670 1908 2334 4039
752 7550 989 8642
1625 3664 2375 4107
660 8463 1263 2209
727 3749 756 8054
730 3623 1233 4256
623 7674 1537 1998
221 4171 1154 7009
979 4995 1709 4494
1343 8192 2127 2624
1225 6836 1233 2945
472 2607 1342 2079
1351 4527 2330 9526
538 7615 699 6450
1086 8268 1390 8106
793 4065 1628 7281
1576 8805 1612 8811
1142 8946 2085 4333
1941 2293 2200 6380
1152 2650 1719 9522
320 7267 1235 1480
682 5886 836 2347
1736 2947 2710 9807
1193 6868 1807 2499
133 7769 1014 5096
77 2157 877 2461
1348 3522 2149 7211
1106 4342 1808 9189
1372 6333 1637 3779
1545 2872 2156 4106
644 1647 1263 7022
595 4367 1356 6292
1148 4797 1337 5488
1092 2491 1285 4070
1723 3960 1839 1918
1450 3579 2031 4459
1992 7772 2380 8883
477 7388 694 4357
1565 8101 2451 9534
742 4328 1248 2678
826 6568 894 6807
926 2999 1525 7283
1473 9155 2167 6346
1505 7110 2272 9494
1117 1905 1863 7351
205 5570 834 2766
1453 4648 2012 5624
1374 6404 1967 3214
416 4835 691 7599
1141 6901 1929 7371
547 6378 820 1628
746 6580 857 1632
109 4214 766 6754
528 6819 675 3036
592 5141 1134 4156
630 4736 1006 6805
926 1911 1238 2549
340 7780 738 4790
236 5569 325 5751
758 5513 1305 2996
855 2493 1089 1627
1205 6346 2025 6612
252 3671 519 4151
93
1818 6409 2197 8334
704 7003 860 6184
1387 3844 2062 4195
704 3273 914 3687
1108 8888 1717 7964
1443 6827 1890 7396
1525 7477 2440 5425
1507 6253 1871 2634
1644 5685 1945 9081
1775 7003 2407 8475
1323 9252 1399 7465
916 7175 1002 3874
1375 5785 2041 2585
1105 7085 1285 3017
96 5015 218 678
1623 6827 1803 3551
29 4532 380 7487
996 5189 1858 6047
1438 3794 2338 2851
144 1058 611 2150
210 5477 850 4985
11 1342 189 5057
1527 7148 2451 10267
1147 7267 1164 3053
106 582 187 2013
1366 7381 2012 6665
1930 3206 2225 8529
1572 8202 2002 4045
608 5527 1152 5791
1878 6301 2757 7455
1365 5870 2333 10078
1021 4119 1180 6574
1065 2022 1099 7792
330 2856 396 5937
541 1820 560 6559
1651 3424 2613 3026
781 7266 1693 7114
1775 8525 2544 3155
1826 9152 2425 3455
1311 5657 1570 3158
28 3214 284 770
1698 6994 1982 6937
1523 4858 1736 2669
882 7267 1411 8685
668 2628 1293 8398
1617 5231 2528 6876
1781 4364 2582 6610
394 7601 681 5107
1920 4735 2915 10735
1662 4602 1738 8924
1126 3191 2014 3293
865 5215 1686 7468
1685 4984 2440 5728
1749 3477 2236 4312
1140 3592 1893 3296
420 2964 1068 5810
1511 3033 2306 3885
792 981 1195 6084
1834 6802 2682 9213
1694 6890 2664 7908
1194 5545 1470 6854
1166 5784 1751 6198
589 6226 1364 3582
757 2081 1074 2814
1328 2649 1933 4932
1042 2783 1395 9238
785 7490 1111 5051
1340 1595 2131 3994
1839 3421 2513 8397
1316 6879 1720 5355
35 3651 456 8247
309 7443 934 3442
1627 7587 2363 8585
356 3911 743 1102
1748 8369 2363 10288
1691 7152 1854 2367
72 3235 492 1990
903 6258 1463 1772
503 2526 1397 3877
63 1155 403 8004
1338 8342 1899 3525
572 5484 1431 7964
703 4175 1131 2352
802 2897 1313 5320
426 2556 427 2861
71 474 940 3396
1125 3197 1863 3011
1659 8302 2520 9033
1202 1754 1759 4827
374 1735 676 7410
873 6985 958 1846
1459 3736 1464 7595
1612 7208 1675 5443
29
260 4288 654 3174
385 3331 673 3051
1484 7004 2088 5296
1491 3132 1607 4668
1508 7817 2431 9612
251 4396 601 7364
1995 7613 1996 6866
917 6416 1710 2848
269 2979 1117 3454
1149 4121 1511 3790
1366 7642 2020 3576
736 4948 1416 5707
1399 2724 1971 7640
670 7727 1215 5945
1175 9149 1206 4797
233 1695 725 2695
526 1149 994 3095
1081 3626 1114 3437
1961 7395 2591 8374
626 2169 1583 6240
1904 2847 2502 3116
1700 9350 2506 7794
1107 5395 1967 7490
1926 9198 2661 6670
1013 6622 1922 7070
1536 5123 1983 4933
1167 6156 1350 5844
699 3120 1627 6440
1529 4255 1766 5560
48
1797 6384 2600 4809
644 1034 1180 6406
1054 4751 1493 6224
336 6453 429 1165
1592 8940 2231 5464
1986 2348 2288 7045
1290 8154 1643 4292
423 3857 1279 3783
1275 4842 1912 1922
57 1582 790 3446
387 1960 1312 8144
35 4597 947 4651
1896 2778 2161 5278
396 2380 573 618
308 3098 1169 8953
1416 7918 1793 8605
505 1728 823 5566
1384 4986 1663 4091
1264 2416 1879 4039
213 1309 1078 2572
1901 2988 1953 8315
1306 6571 1469 8705
1990 7479 2642 4301
1778 6993 2243 6715
1967 6372 2459 6261
1849 5187 2309 8029
1581 5984 2052 7241
809 6067 1441 3545
1803 9185 2329 6371
1019 5911 1596 5282
996 1744 1552 4290
725 3516 1707 4787
1130 3416 2043 9821
572 3642 839 1177
236 3016 683 1804
287 3788 855 5770
415 4982 489 6160
977 3251 1202 5764
1401 9108 2223 6579
600 7669 773 2966
1599 7518 2040 9056
1878 2890 2538 6349
693 4870 1593 9545
524 4468 1146 6406
1009 3901 1237 7768
330 3985 1146 3549
1135 1484 2080 5938
1141 7011 1913 6776
10
1617 4536 1858 9685
765 5498 775 5329
133 218 194 7572
1607 8711 1938 7089
379 3774 946 8555
1927 5433 2127 3635
280 601 1197 7550
1266 6421 1829 1868
409 5524 1046 8536
1379 4135 2125 2843
76
654 5309 1511 3685
1416 6645 2117 2200
1955 9324 2929 9745
291 4823 366 8216
726 1204 1660 2114
800 4882 1442 5834
420 651 675 2981
1465 8577 1984 6316
1008 7810 1387 4930
1302 7696 2266 3976
1408 1930 2213 10032
1865 2305 1910 5748
1446 3999 1661 5576
1348 3862 2089 3823
1885 3166 2216 8603
197 213 616 7161
1732 7877 2526 4773
127 4972 754 8581
1765 8666 2206 3002
1877 5434 2420 6832
1317 9089 2052 8936
1254 6005 1913 4220
1211 5789 1892 5320
599 5278 1527 7535
1533 3021 2297 8005
851 7295 866 1076
1966 8978 2300 10187
188 6521 814 3718
105 929 255 5513
916 1095 1451 4192
1645 1687 2564 9993
1921 3374 2605 9683
766 8409 1361 6616
969 7735 1030 6465
1666 4959 2537 4788
1091 3886 1184 3088
1430 4627 2147 9597
538 6467 1134 7751
1939 4810 2514 8026
498 1303 989 5774
984 3642 1864 4939
1099 1389 1902 7506
1639 6968 2043 7099
1654 6903 2492 9914
17 1071 61 3817
1750 8844 2182 4346
988 3603 1578 5153
793 7717 1723 7530
299 7189 1089 4985
1442 5847 1620 2916
1796 8297 2216 4496
152 1088 1090 4483
574 581 1381 3230
1271 4557 1621 6832
113 4623 701 7361
1091 3873 1310 3983
268 4718 944 1395
763 5895 1563 5844
1230 1354 1439 1836
1308 5847 2283 3525
1051 2667 1585 6478
1534 2989 2461 8364
961 5501 1083 6031
232 1890 591 8182
1393 7432 1791 3502
861 914 931 4934
744 5363 852 6612
563 659 1471 4599
1294 4044 1566 9297
824 2024 1243 1494
1199 4160 1380 9231
82 5064 162 1254
941 2091 1011 4297
1981 8830 2685 8519
1668 6036 1711 6538
1531 5661 1993 7916
16
1077 2306 1384 9053
1416 2614 2317 9504
928 1353 1218 5493
98 8094 338 8186
99 6854 1044 6739
886 6488 1234 4658
517 6824 1218 3409
708 3448 1221 3725
1390 5775 1800 6285
1658 4657 2157 4217
847 1602 1522 9310
143 7952 865 3721
251 8134 1036 7447
149 1534 1116 3666
1106 4989 2057 3032
1521 7425 2130 6386
96
1150 7485 1671 9076
957 4193 1793 6493
1948 4519 2908 4121
808 3801 1065 4679
1590 3831 2203 3202
608 5491 988 6868
1300 4566 1551 5684
473 731 1114 7672
584 6255 1018 7070
371 2597 1267 6150
950 6942 1118 1144
1468 6553 2381 10076
412 4038 1015 4087
1565 1676 1634 8970
1490 3305 2083 8278
1629 4087 2019 9564
1418 8251 2024 3454
216 3677 648 4980
997 8088 1859 4834
1196 3951 1508 7741
185 5543 777 3164
1413 7530 2254 4794
386 4004 869 7698
1299 5073 2138 8852
1562 3978 1993 9987
1308 6401 2201 3151
1326 8006 2103 7745
1510 9497 1854 7034
550 7342 1138 3873
927 6039 1856 5757
1805 7945 2401 2633
766 3511 814 1845
1168 1757 1975 3223
1010 3421 1853 7558
594 8294 678 7037
1130 3015 1295 2920
1275 4577 1483 1488
390 4120 717 1836
22 1478 55 5632
1975 8306 2719 9738
932 5006 1050 7067
1605 2619 1933 3612
1222 4240 1816 9792
410 6227 1197 6353
1335 5691 2278 6046
1677 4458 2212 7303
1033 5205 2003 5200
699 2316 1209 9012
1615 4451 2328 10174
35 6932 591 1408
895 956 1261 4512
1172 7634 1203 6559
1982 2330 2273 10062
296 392 674 2769
1796 6179 2789 9759
808 4471 904 2924
765 5053 926 4850
685 6203 1134 1833
564 1446 1329 6964
406 431 721 2408
123 3980 926 7317
681 7274 1274 7442
1018 8097 1077 2203
810 8555 1786 8748
1287 8350 1464 8050
808 4708 963 4795
1905 6412 2343 9956
1129 1657 1711 2143
730 3165 826 7396
754 4106 1191 3643
1581 1688 2096 2096
289 6173 926 8767
193 7438 614 7669
1312 4078 1663 7869
1708 9467 1877 2431
1630 4744 1702 6358
839 2121 1759 9249
1456 2895 1753 1945
1812 4414 1866 9117
295 2297 422 679
604 8030 779 8527
1441 2736 1792 3766
1011 4725 1775 6106
694 2024 840 3766
560 621 1450 2630
1344 8897 2199 3884
1466 7404 1509 2848
553 7126 800 6842
1596 5155 2422 4287
112 4637 419 5333
1973 9825 2020 9518
1866 5245 1962 6254
1475 6103 1600 7663
985 8819 1550 9293
27 1623 602 2786
1152 7619 1885 7664
32
1094 1522 1561 1799
1099 4435 1199 2470
980 4438 1009 2588
897 5790 1392 8314
1638 4594 2365 3821
1585 4746 2114 3639
1750 9326 1918 5620
1089 8160 1799 7981
1028 7604 1255 6654
950 8701 1005 1821
653 1025 896 2310
641 6075 731 5208
581 5674 1527 3249
1510 8635 1513 2735
958 7579 1032 5160
1886 8783 2367 8415
1839 9781 2293 9514
1372 5575 1553 8660
431 2652 1119 5868
33 2342 816 3197
1199 7656 2061 5594
893 3658 1354 8216
1125 7768 1589 6762
769 5401 1288 1850
703 1626 1236 6312
1263 8153 1271 2103
1142 4450 1897 2407
1579 9443 2420 4050
527 5418 803 1394
1327 7780 2057 6887
90 3903 178 3126
111 6434 1040 1631
27
1717 6181 2504 3520
1914 9577 1962 4551
921 3621 1066 2900
1624 2250 2560 9503
643 4606 853 8133
437 2126 470 6908
920 4651 979 7095
468 2636 731 4710
1762 8120 2594 4267
16 3085 936 7871
470 1418 1091 4619
1428 5940 1852 4875
1683 5455 2327 3408
1765 9662 1821 8741
1386 1613 2351 9904
1084 1701 1206 1820
609 7011 906 7896
596 1279 1169 8880
804 892 957 7658
780 1526 839 1812
1103 7478 1342 8080
322 1882 1134 4647
573 1152 875 3322
1772 6158 2580 9463
530 7706 1397 9357
1516 2298 1869 6123
563 5499 1101 1204
42
803 5822 1025 4560
119 1046 836 1081
1896 2923 2639 8434
527 647 1166 4409
1527 4623 2120 6046
659 1155 1575 6798
1928 2191 2882 2908
689 3927 1208 7601
888 1166 1087 5333
760 2582 1476 5411
1149 1728 1271 6061
865 7356 1286 8888
1806 7052 2647 8618
266 1910 1157 7567
1886 7096 2476 7409
1445 8397 2126 4852
1967 5150 2614 5259
966 7349 1280 7084
651 6399 1511 2190
937 1217 1565 3021
267 3338 697 3147
368 1565 627 2848
943 1702 1706 2663
1029 5000 1571 8067
1611 4152 2173 7266
1680 7192 2613 4053
918 3630 1587 4595
707 6952 1170 6588
1873 5405 2635 2753
1747 4322 2733 3453
677 4126 1350 4310
1225 7578 2216 3346
879 1216 1556 3537
1119 3747 1139 4271
1474 8740 2113 3594
1093 7095 1917 9202
1741 7150 2180 2455
1301 5785 2176 6340
1334 2673 1375 1607
669 2795 1500 4818
1525 7444 2237 6696
772 6444 1501 8094
85
616 4532 1522 7737
128 5683 340 3738
171 3182 817 3350
1276 7655 1295 5752
1928 7814 2186 10084
888 2607 900 7873
918 8497 1398 8012
1336 5283 2258 5817
1534 5010 2532 10522
1620 8950 2203 9274
203 5158 1151 4776
91 1956 561 7262
1965 7344 2603 10285
1320 5396 2308 7011
1047 1255 1102 3431
1174 6632 1282 5949
1070 7289 1459 4466
407 6990 1333 4435
399 8240 1275 6258
490 7104 1001 2441
376 2294 919 1350
1598 4810 2064 3747
1846 4152 2222 4936
962 1833 1370 1908
401 6942 948 3404
1553 5785 1592 8645
1855 3863 2756 8507
659 1936 874 3526
550 3050 1501 7353
1158 4353 1900 4283
525 2341 1011 4665
1915 4565 2788 4142
1524 4353 1851 7627
459 633 493 5423
197 6683 530 2122
1608 2503 2361 7284
859 5157 1083 3088
145 5905 452 4117
1461 6259 1846 9749
603 4793 995 3837
397 8161 1344 8219
1163 7637 1476 9318
1802 9212 2054 3007
409 1064 744 7711
502 2765 793 7680
661 7045 1555 2756
892 2359 913 1321
1398 4835 2181 9978
1110 3182 1181 8255
1968 9026 2346 5841
90 2951 248 2740
1679 1750 1958 5124
398 4611 719 6859
185 430 567 3035
1465 6024 1904 7057
1239 4433 1728 7679
482 1726 1041 6660
87 705 604 3282
1336 8535 2221 2984
1444 5742 1966 5385
1996 7401 2744 5509
482 5387 706 4332
456 6712 737 3817
1282 3357 1574 2181
1578 4722 2530 4132
547 2084 599 1245
775 8357 1163 4040
508 1192 742 7517
1173 3356 1336 5492
1769 4396 2497 7197
770 1573 1479 7445
242 7202 1160 1990
60 4679 325 4101
664 8548 1429 6222
504 7479 566 7975
1012 1838 1024 5045
1779 7645 2537 5274
1879 2385 2792 7872
709 6379 927 5754
640 3539 687 4167
560 2761 872 3280
1633 9352 1834 4387
1828 8890 2763 8680
1916 8415 2302 9780
1532 5884 2420 3936
30
487 7831 782 7428
138 4212 546 8088
1546 7547 2001 4103
1775 9193 2140 6902
1175 6007 1206 9072
796 4794 1546 4364
303 1847 622 7709
383 6494 390 7845
1381 7529 1727 4818
79 6296 455 2913
143 3050 839 2783
151 6331 285 4796
1728 8854 2189 2831
1583 7738 2461 4648
988 2933 1007 5980
27 7344 617 3470
876 7999 939 8107
945 3027 1116 1470
1223 4473 1338 1999
456 4614 479 5861
1306 5243 2104 7892
296 2740 1042 5455
445 6613 1270 8787
717 1036 1200 1584
1077 6965 1896 4365
908 1478 1181 1960
1098 4639 1636 5819
752 4254 807 7617
607 3932 1557 2989
41 1401 367 1982
91
1761 7166 1943 9099
865 7324 1495 5241
1688 2338 2297 8259
865 1974 1258 7362
378 7941 941 4665
1279 8728 1296 5771
993 2332 1898 8226
727 6723 780 5701
1506 8514 2323 3855
585 7681 1240 6884
413 2806 702 5843
597 5226 1478 4260
760 8212 852 922
1558 4222 1618 4507
1874 9672 2704 8661
196 5921 1119 1267
912 1080 1882 3523
581 7233 968 7426
422 1782 805 3901
350 3681 935 6154
1446 4207 2350 6784
1158 5975 1460 1648
1266 6093 2168 7505
1497 3437 2279 4178
982 3842 1664 1886
278 1658 338 6242
435 3306 875 3194
233 2226 749 2574
1375 7760 1415 3930
1727 2716 2521 7507
891 3652 1285 1714
1764 6234 2295 6225
1483 8902 2300 7036
1484 3880 1977 7803
1207 5235 2035 2502
160 7659 894 2027
770 7679 1285 7122
1124 2856 1850 1944
468 6936 744 1428
1284 2398 1849 6942
29 7069 680 3329
704 4328 720 3870
1707 9493 2312 2317
1324 6732 1615 4621
1598 5047 2273 7088
498 7164 1461 2097
1695 6195 1852 7053
1344 4496 1360 6973
101 6115 308 2519
3 7804 864 2085
910 8544 1122 3264
1067 8190 2061 4673
194 3656 935 1798
361 3580 496 7510
733 7160 1148 4441
376 6798 601 6737
1824 2328 2660 10095
1136 4547 1925 2090
1780 7095 2154 4505
793 2140 1372 8535
1792 3858 1904 8187
1027 4919 1119 5777
142 1551 1032 1109
1977 2181 2385 3507
637 4295 1052 7975
412 6462 1103 4451
1171 4353 1371 2766
1530 3207 1541 8640
388 8375 870 3732
421 4809 986 1954
616 3346 1225 1693
342 5432 1230 2199
1148 1582 1368 6820
451 2969 586 7566
187 1391 211 3030
1230 6677 1762 3792
1216 8131 1302 1548
1147 3572 1711 4584
1461 4340 1462 7090
1550 4510 1758 3119
780 5966 796 1627
1123 5371 1806 3380
1884 4745 2727 9437
467 7655 585 5044
626 8291 817 1811
1529 6695 1592 6100
206 8070 875 6567
560 3608 1246 3799
102 5198 970 1275
791 1260 1063 2191
608 6358 810 7858
89
628 2995 1406 1601
272 1613 1063 4651
1425 8838 1631 2992
1700 2283 2573 3569
1784 4266 1830 2958
16 3774 504 6691
1725 3205 2254 8718
1269 1717 1734 6853
1859 5356 2499 8681
409 6540 595 1620
1730 3026 2015 9730
624 1892 1572 2991
1946 8334 2686 5362
426 1005 796 5848
1187 5338 1992 5881
1133 6518 1685 2135
326 6285 1074 4296
867 6549 1163 5816
1660 6074 1688 8613
1951 2952 2102 3980
268 3137 1017 3217
1502 2723 1820 7865
1892 3411 2426 6243
1162 3418 2090 9423
1336 1969 1946 3734
37 3837 801 5039
93 2671 474 8470
1824 9370 2398 5815
182 5683 1094 7148
1928 3031 2527 4079
1971 5054 2080 8912
1726 4460 1914 6067
1539 6008 2320 4407
1655 3070 2229 7486
326 7116 427 1904
1725 6707 2101 7417
1537 5594 1790 3412
1587 5656 2473 8478
1703 8870 1992 8730
1332 4043 1537 3113
873 8688 1223 4832
947 2649 1266 1498
1341 7370 1896 8818
219 5562 491 1187
354 5655 723 2536
423 4369 947 2272
1188 1393 1727 9620
1150 2657 1898 9126
380 870 800 4365
303 4326 801 6610
500 6969 1383 7913
1085 8025 1392 3861
1467 7437 1843 9213
1205 8951 1231 3231
443 1469 871 6175
1969 3262 2751 6504
878 3241 1217 4090
192 877 262 2005
145 6444 393 5881
153 4229 348 7834
117 3437 749 6378
1049 6293 1998 4780
500 2025 1016 7243
1431 8317 2169 5813
443 1230 927 1719
415 579 985 6804
489 6154 1397 9127
897 7659 1256 4214
779 2582 992 7460
417 2326 1056 6481
612 6596 648 2627
1343 3154 1412 7564
259 6788 707 2864
1857 7268 1990 4251
1304 5632 2216 7663
1453 7967 1960 6681
1107 6068 1509 5261
935 8095 1058 5940
1418 7553 1469 7492
713 4882 1267 3810
238 6521 468 1232
751 8644 911 4953
1638 5916 2243 8405
1680 9437 2480 5088
1271 5634 1556 4611
38 4667 230 6305
852 1497 1832 1880
678 959 782 973
821 2943 1467 9355
12
715 1785 1368 8294
568 6483 1319 8465
1228 2013 2118 9344
352 6750 1200 6402
1051 5195 1705 4000
622 3857 1108 4172
1827 4240 2771 5401
1567 7697 2062 7002
168 3121 286 1433
1749 5948 2617 7085
1053 6361 1088 6921
1496 4693 2150 9166
32
1688 8341 2495 8211
1989 2203 2052 3058
34 3217 855 8402
1071 4643 1167 1867
11 1597 404 1156
453 7938 537 7172
1368 2988 2067 8537
1891 3817 2353 5444
1344 2505 1650 7875
93 5204 775 6383
1968 6230 2687 6777
922 3974 1641 8899
1256 8490 1760 9286
934 4951 1327 5645
1155 8476 1238 2034
858 3983 934 3020
1792 8216 2065 3445
1223 7567 2201 3242
988 5834 1377 8595
504 2694 1017 6856
1976 4419 2441 6666
1029 6367 1857 7859
1659 8112 2533 5269
973 7675 1253 8027
518 5504 1349 5833
472 4334 780 7335
242 3971 426 8409
1323 3026 2300 8408
73 6501 700 3658
1479 8866 2358 6625
1336 5013 2242 3133
361 653 571 1970
58
765 3327 1697 4762
922 3359 1407 4926
893 2715 1705 3865
35 2558 383 2384
358 7290 967 6985
167 3251 1057 2791
1618 7518 1775 7138
248 2081 275 7782
1057 5589 1747 9032
1124 2091 1807 5601
1406 5249 2338 8360
650 7667 837 7019
866 1512 950 6857
1496 3564 2433 5152
1350 3345 1960 3944
1072 2163 1507 3150
574 971 1065 4440
276 6131 901 1186
133 6393 752 4759
1993 8878 2147 5275
1625 7325 2612 5480
355 1723 1090 5063
380 3144 1085 2673
1517 3763 2279 8881
1532 8855 1826 4722
269 4192 1141 1862
1013 3654 1770 6195
1267 8236 1622 2287
1907 4887 2175 7895
323 4616 1285 4898
861 3998 1121 4899
765 1946 1649 8313
866 3629 949 1815
446 7535 735 3029
1372 7601 2083 6332
602 1187 1306 3185
1882 5328 2707 8915
813 1190 902 6079
1980 7849 2804 4448
1444 9146 2215 9386
1991 9439 2704 5925
412 5129 706 3856
1897 5524 2875 10606
384 4363 588 2987
311 6808 685 7347
760 1035 957 3400
1021 3878 1924 2410
448 8385 1261 8750
668 1623 1166 6302
677 7022 839 1727
1186 6253 1355 8768
58 7385 245 834
1928 7305 2296 7645
0 2990 628 1818
502 1828 925 4752
1980 9188 2967 7502
962 8393 1516 7489
680 8548 1531 5202
92
163 6915 257 2329
95 7581 116 684
381 5478 815 2471
1887 7488 2512 4244
839 2669 1618 8945
1159 5286 1696 3849
269 2277 595 7075
1283 6502 1873 3349
1993 9705 2127 4676
447 1244 719 8564
1038 7633 2015 5982
1357 3337 2009 7518
802 2089 1785 5865
50 2038 630 1121
1809 5114 2257 7289
1649 7848 2106 9167
1245 8108 1730 2788
1693 2762 1907 2474
429 1416 480 1844
129 3951 263 3077
873 3867 1601 8139
725 5440 1235 6118
273 7546 307 3960
1560 9115 2100 7980
48 2015 219 2650
1552 7888 1559 6676
1311 5358 1563 4002
1409 4261 1775 5677
890 7156 1512 3769
186 1152 345 7920
814 7973 1079 6924
507 2313 647 7954
462 7469 1298 1944
1084 1710 1948 8790
861 2643 1654 1898
709 4168 1014 2448
1499 4621 1584 2683
728 934 963 3838
1451 6558 2223 3330
1477 5337 2031 6140
1985 5574 2555 9562
767 2617 1530 4468
741 2658 1265 3559
823 2059 1243 2890
774 4728 1650 1712
193 6322 214 5601
49 235 983 7745
832 4843 887 5294
1000 7032 1459 3560
1981 2555 2934 7191
382 3778 924 5120
1145 6576 1386 7234
226 3293 916 6140
953 7324 1298 8725
1922 6831 2390 9449
524 565 577 2260
1268 4755 1791 6294
34 4246 262 1766
383 6051 724 2913
1663 2923 2648 7929
366 8099 1075 3726
1688 5703 2562 8724
1656 3996 1698 6795
1180 3162 1745 6702
1129 6686 2075 5796
306 4209 838 1800
1579 7897 2297 6012
1945 9465 2730 9541
488 5749 1145 8030
353 8339 420 5571
1799 1804 1992 9183
843 8397 1188 8743
689 7305 1042 1342
396 7116 946 6012
1270 7320 2246 9478
1016 3214 1541 7239
1121 7913 1358 1993
920 1476 1776 5641
1590 3573 2123 4780
279 6776 924 8716
1405 3377 2148 5702
318 7697 750 2178
498 6091 1178 5509
1004 3588 1008 8761
1009 6468 1454 3231
884 6510 1599 3390
85 2303 506 1497
467 3700 1057 8594
81 5531 555 3310
146 960 835 2299
860 4470 1786 2979
1641 3264 2436 7285
3
180 3696 1105 7598
579 4463 1346 1370
10 7531 389 7194
46
1164 8655 1917 4922
1373 6599 1593 6421
475 6125 1222 8068
1320 6489 2178 3597
1673 4719 2628 10376
298 7008 1082 6027
102 6423 1043 5665
338 5442 953 5058
1776 6577 2316 2347
1185 5999 2069 8886
1573 3983 2133 2275
1173 1610 1281 7288
1368 4645 2330 8642
813 4245 1555 6955
1854 3699 2515 3440
1806 1864 1958 3785
984 1510 1883 8628
1931 9200 2369 5905
805 4499 1791 8091
1244 7267 2188 8370
1852 7995 2018 7141
474 2124 1246 8221
1800 8649 2663 3214
67 2398 577 5450
729 6053 780 4235
350 792 667 6366
1888 7882 2458 10011
1929 6785 2279 5427
1847 6485 2657 9130
577 4056 1128 6021
667 3072 1086 2970
1336 8518 1723 7480
296 2252 1076 8181
1848 4702 2279 9557
43 81 323 3390
101 1523 904 7920
1857 3932 2630 8832
1109 6439 1596 3392
713 5012 805 8539
882 7758 1038 1822
308 8172 512 2055
82 1502 700 3256
23 6828 781 5337
121 5435 625 5348
1285 6654 1517 2541
1033 3715 1700 2238
52
135 2567 412 3173
913 4586 1912 6224
1650 2820 1820 9529
1846 5002 2385 6071
608 6742 1012 7361
789 2401 1109 4501
493 2073 1000 2108
345 7416 892 1329
660 6906 691 1214
452 4375 655 687
1708 5988 2287 6883
835 5134 1551 5210
1085 2824 1835 4296
624 7800 752 1841
202 7158 900 7223
1885 6718 2818 3480
410 8202 935 6631
1676 8684 1905 6801
1493 7359 1612 4907
178 7963 1136 7759
1090 7684 2066 3115
998 5420 1118 5569
1710 4530 1858 9710
468 4046 1160 6419
1713 8785 1946 2253
1308 8162 2084 8570
1470 2590 2047 3360
958 5048 1016 5671
652 5831 934 1713
1547 1987 2401 3504
1114 5677 1940 4255
140 3896 714 6718
569 2254 1221 4787
1957 4770 1999 2590
258 3947 479 772
265 5770 666 1986
1497 3071 1875 2921
1419 6454 1804 5417
1872 7656 2120 8748
814 3548 1554 8201
1250 7582 1427 1599
127 7899 770 2439
1679 6834 1958 8416
728 1941 1370 8466
1760 7939 2564 8255
1316 9097 2170 5291
1121 4242 1913 8637
1508 4850 2253 8486
1077 4292 1309 3215
771 4191 1352 3648
1910 6858 2172 9608
1375 2379 2196 5418
55
1228 6145 1541 3319
1027 2884 1147 6750
1036 4189 1209 6581
1912 6494 2191 9014
1316 8747 1942 4297
1092 3090 1546 8393
1384 1861 1385 5356
583 5107 1146 4420
901 8334 1343 5757
238 5225 845 8712
938 2997 1195 3526
579 2335 1428 8669
1938 4019 2086 8529
1402 3647 1912 2097
733 2285 1308 5543
100 8057 654 3504
90 4708 1036 5075
596 3189 908 3554
1950 6012 2470 6006
198 3060 225 8207
1377 6471 2359 3060
438 3685 886 1861
1790 1868 2608 5957
1317 1968 1607 4890
1584 4198 2392 8448
22 5609 27 4821
937 2434 1646 8296
1133 3608 1343 2743
319 2396 905 4609
994 1071 1808 6336
1297 6874 1729 8967
348 928 1009 5004
812 2079 871 2991
1547 6015 1835 4676
1167 5936 1446 5421
201 6315 919 4928
82 5998 524 1917
1596 5682 1618 6061
1521 6556 2098 5288
864 6782 1287 3525
995 3081 1304 9245
440 1063 1085 8572
579 1491 891 8328
1977 4948 2930 10591
1060 4923 2037 2621
1301 6061 1530 2537
77 4348 188 3127
329 3441 578 6601
1471 9254 2446 4891
1863 5009 2641 7544
533 2701 998 8404
1673 6171 2296 9026
952 1600 1631 3930
996 1709 1176 9134
1790 6384 2248 5977
29
1948 3155 2304 10224
475 3909 1180 6995
607 3365 861 2520
114 3847 1056 2485
7 3527 924 5548
716 1280 1146 4271
215 5252 1027 4679
4 2900 667 3811
1134 3741 2073 6440
1573 7539 2167 6518
259 6180 341 6136
1837 6989 2650 3807
1321 5884 1806 2836
1833 5835 2569 5836
278 416 1168 1962
1002 8154 1843 4133
237 3293 794 5192
1254 8830 2108 6190
1491 5543 1629 7562
1769 2951 2467 3947
1758 3877 2072 3938
1047 3839 1737 4923
497 3711 905 6489
615 6125 1020 4582
825 7940 1471 2180
1439 9372 1772 5791
1439 7697 2219 4754
1773 7577 2768 6491
716 5261 1042 2858
35
1733 6971 2562 5516
431 4995 1198 1228
1069 4626 1489 1904
1538 4718 1556 6341
459 3742 766 8650
338 7502 517 7896
468 500 890 6772
823 7943 919 6595
921 2205 1829 6768
1628 7345 1937 9710
1748 6142 1883 9855
1144 1943 2004 4017
1759 6129 2439 7685
32 6815 899 7981
1322 4314 1400 3092
1345 4464 1946 8594
438 4775 1282 5057
368 8009 847 2250
204 1676 432 2231
1372 7454 1400 1521
293 6301 1283 7345
121 6694 431 7476
1847 4143 1889 8746
366 677 1262 1393
616 6879 1557 4270
1668 3808 2128 8181
989 5597 1908 3587
1215 5122 1985 7267
279 1364 1012 1537
790 3278 1616 4558
610 2472 1465 6216
922 5303 1446 9216
675 8206 980 3693
1712 7800 2495 9344
1453 6003 2019 8205
79
1907 4171 2896 6734
438 2577 590 4151
1365 3341 1656 3211
863 7193 1578 7967
698 5858 740 7380
379 6894 1118 7776
743 6009 1440 6827
1714 5858 1954 5594
366 3527 1219 3099
1147 7337 1248 6540
1047 5934 1522 5250
1977 7911 2254 5127
910 7685 1736 9444
811 1206 1004 6421
263 5735 767 1000
154 4601 182 5584
977 2782 1511 7644
162 6559 658 4333
323 3095 662 6492
1438 5058 1791 3218
1731 7387 1737 5466
1760 3178 2493 9512
1282 1863 2149 5519
27 7456 292 2736
415 688 963 2318
701 6668 1181 6486
1200 7196 1520 3411
314 3235 972 7068
1915 3588 2710 9699
1535 8567 2050 8971
756 4995 1081 2585
1140 1953 1257 1720
465 2677 1310 1315
1267 3442 2016 3709
1197 6950 1451 1861
600 1303 1142 6708
1155 2425 1677 2748
445 3706 1097 2309
1960 8136 2181 8887
1021 7100 1558 5392
744 4228 861 6050
1261 3952 1686 6930
524 4960 956 3257
1953 4249 2859 8274
984 2185 1592 3806
1186 3454 1763 2970
1225 4998 1954 8777
722 8570 1142 6409
1065 4467 1898 5356
1985 4852 2249 4962
581 2072 1422 5230
1198 1653 2171 6902
738 1496 1653 3593
310 7723 1101 3041
1498 4938 1842 9262
317 7244 394 1581
863 4956 1548 8380
1232 6911 1331 4038
1273 8957 2185 6402
1490 3696 1875 3218
194 7084 197 2157
424 5264 509 825
1170 7693 1331 7378
1729 4668 1941 2007
1450 3278 1926 5421
1294 3415 2099 3965
366 588 973 3453
1803 2882 2251 6599
1396 3123 1695 5439
624 2573 1180 4540
791 2298 1473 2768
169 985 485 3429
629 5842 1539 6786
1324 7160 1528 7284
600 1920 1234 3951
1013 6918 1627 8715
136 6102 555 2356
1115 1553 1335 6555
1618 8415 1935 8181
22
170 812 714 3079
1533 2823 2233 9198
1997 3800 2733 10593
1547 6881 1741 5263
461 4119 1318 5217
1138 2270 1438 7646
1622 7477 2235 2658
104 5534 942 6770
1138 2658 1617 3586
1132 5980 1620 4466
1685 7654 1832 7441
1682 1785 1865 4906
936 6357 1141 8697
874 4190 1372 7237
703 5301 872 2592
282 1424 761 6108
828 3176 1275 3622
1470 8480 2264 7208
353 6885 1194 5913
1320 7299 2013 3231
1407 2002 1730 6575
1867 8553 1869 2636
54
850 6510 1497 2509
1795 8270 2151 4226
1809 6162 2275 10034
60 3939 964 4389
320 7309 361 3594
1993 4331 2663 5966
1732 6004 2657 6907
975 8412 1358 1689
1916 4250 2211 8096
1552 3683 2381 3269
192 3140 654 3339
638 796 1284 5503
632 6118 1557 4784
1309 8240 2007 3911
46 4335 475 5027
1494 2604 2271 8556
334 4709 751 6680
656 8110 1580 9392
1178 8440 1331 2029
989 3469 1455 8167
723 6354 1718 4344
1098 2280 1611 8740
1873 6201 2547 7009
1680 8007 2341 6873
439 712 801 5318
821 1611 1306 3596
1678 2935 2300 3260
400 5849 1247 4482
1750 3744 2728 10336
1598 2662 2104 8766
728 6829 1147 4289
1988 4177 2942 3197
959 7726 1626 5429
1751 9182 2154 8830
286 6275 398 5658
937 4346 1451 2399
1157 3030 1312 4679
1772 7148 1970 9676
1332 5406 1963 4240
1727 3673 1889 5129
1422 8168 1941 5404
452 1152 747 2026
423 1897 1411 6930
1572 3676 2480 5443
1291 5880 1323 8709
414 2245 624 6170
350 3895 966 8290
1332 4418 2174 9106
1446 2396 2012 9138
1893 7404 2614 7996
32 5117 511 5425
197 1649 905 1624
1527 7544 1788 5586
50 579 325 6617
32
575 2574 1320 5514
1852 4254 2376 9948
1775 9466 1817 5449
1391 3997 2101 2757
1350 8624 2069 2287
1413 6183 2346 4049
1631 9407 1932 3986
562 4084 697 7764
1083 6306 2070 8222
625 8613 1015 7062
1754 7741 2348 7092
1607 7387 1961 6810
16 6050 368 4655
1376 2489 2171 8317
1975 6726 2178 8119
1687 7998 2630 8541
904 5732 1120 4029
1698 5827 1778 5134
1159 6702 1292 7070
1349 7695 1394 7944
143 4175 627 6939
347 6689 483 6636
1399 7806 1520 4330
1707 9126 2372 7384
233 1880 257 6291
266 5081 597 3396
1478 2261 2423 3523
1695 3370 2550 7978
1542 8540 2354 8813
429 8330 1125 8818
423 2290 900 6474
108 3230 872 6875
14
951 5292 1196 8060
1948 6449 2286 8469
1304 6372 2256 5513
421 4001 896 2534
384 807 447 7954
280 1049 1157 7299
879 6026 1578 3267
1101 1926 1423 5833
523 1860 1064 5152
1879 5919 1911 9023
1866 1914 1885 6494
586 2035 696 5944
1794 9398 1849 9661
1404 4185 1626 5819
76
1961 9032 2738 4782
1147 6450 1231 6315
114 3382 369 4501
97 4300 525 4600
615 4056 1095 7971
1766 5402 2127 8734
865 3436 1663 2293
662 2361 1069 5710
396 2418 1118 1442
1046 8400 1767 3342
1736 9609 2677 10238
1683 7548 2500 7128
1642 1944 2070 6200
455 1726 1258 2622
1077 8811 1787 7942
56 7246 325 2218
538 1198 1104 5230
1629 2964 2280 9936
1417 8381 2132 4793
368 4550 1180 3204
945 2623 1734 4952
1966 3481 2065 5624
734 3145 1157 8959
1217 2275 1778 2987
1914 4325 2424 10161
1805 8593 1983 2598
1964 9705 2115 3071
1322 1864 1842 3731
1578 5211 2113 8986
1180 7523 1716 7854
974 6710 1568 3482
948 4489 1500 7390
808 1051 1152 8782
343 1941 1240 3054
841 1999 1671 6601
393 7260 754 7829
709 2271 1598 2404
1671 8250 2505 8190
919 4173 1764 5130
590 6328 829 6980
1867 6409 2427 10163
235 5307 475 2368
137 3253 644 3506
1913 7578 2701 3088
1064 2316 1180 3657
1049 8495 1090 8139
622 4638 996 3834
234 7506 492 1915
1571 2407 1715 4734
507 6883 1105 8731
1960 3626 2081 7865
846 3328 1037 3865
651 6313 978 6808
288 5737 821 1828
426 2684 476 7775
928 1705 1047 7213
648 5669 1394 3675
905 6807 1605 6820
1819 4307 2001 3052
172 2922 871 7698
870 3594 907 8407
1560 5544 2495 5066
899 1966 1294 8396
1702 5066 2175 6552
1008 1977 1499 2557
479 6981 1340 6600
702 3042 937 5848
1410 7936 1627 5521
1064 5594 1387 1976
805 8275 1231 4771
1882 4999 1917 4489
306 3112 1029 3274
555 7393 1064 4728
1464 5094 2260 2542
1132 6306 1696 5191
1276 8562 2267 2984
83
1500 3035 1804 1959
1146 1328 1352 2002
1287 7533 1408 6804
1870 6108 2424 7923
1500 7700 2327 9570
1455 8293 1586 6835
542 6373 548 1131
196 6685 546 6144
1137 3001 1975 7213
1293 5871 2008 2729
543 4451 1490 4442
1753 3451 2000 8209
1048 7764 1078 6373
298 1753 1194 2516
1789 7587 1913 7719
1180 2459 1971 6838
698 7491 1151 7478
180 7530 853 4377
1579 8156 2143 9007
1493 7758 2492 8172
650 2699 988 4558
1704 9192 1858 5320
1159 8209 2061 3955
561 3624 1007 5098
992 5640 1737 8745
231 1429 350 7544
539 7027 1301 1701
1340 2627 2295 5130
57 3803 61 4842
1274 2056 2143 7677
1778 6684 2515 7318
1659 2948 1739 4514
802 2871 1646 3076
377 2157 1066 3260
835 8020 1463 4857
1845 7728 1941 4009
1628 4230 1696 2871
720 7819 1547 1875
305 7913 1147 5491
1685 1913 2616 8817
1036 5094 1779 5603
233 544 911 1960
1750 5060 1895 2167
1063 1863 1775 5322
1470 3237 2462 10398
336 2490 604 4809
285 2215 787 8665
1523 8723 2455 2553
510 8117 1380 7802
1134 6880 1445 7291
1850 7865 1978 9261
94 337 630 937
1969 7376 2739 7630
1699 8587 2372 4752
112 2858 438 3399
1905 3050 1952 6035
1106 5849 1160 7040
1405 6570 1946 2564
32 80 38 5169
242 5259 314 2358
1429 7762 1978 8218
1672 9380 2108 9148
694 1364 1439 9380
1863 2219 2528 7183
378 2774 1336 6186
1130 1651 1734 9056
1862 9502 2599 6306
637 7897 1574 6727
540 7356 1435 8690
583 4827 1489 6686
1548 6283 1975 3010
1086 8861 1191 1200
1550 1864 1652 9064
1666 5503 2584 5381
1872 7602 2848 6906
1912 5377 2063 5230
1696 7601 2445 8666
1566 8987 2362 5466
923 1294 1568 9263
1513 8283 2402 5730
1652 8074 2054 4214
993 1678 1343 8158
7 1823 915 6374
18
1968 9795 1970 5581
1925 8256 2519 8627
490 2346 933 4455
1786 9039 2505 4025
1342 8097 1353 4395
1794 5100 2383 3755
401 5665 648 8600
1370 8153 2364 6175
36 4867 565 2587
744 2874 1053 6555
325 5243 1091 1320
185 3566 604 2708
133 4817 386 4678
1424 8938 2346 4780
930 7823 1003 2461
677 3516 1640 7400
364 2230 1099 5370
324 5896 333 1653
80
1150 7868 1396 4024
1297 8019 1505 7735
1388 6310 1931 6801
239 7011 759 4885
301 6841 450 5181
1216 5788 1506 3833
909 5732 1563 7305
863 4127 903 5219
710 6524 1525 1987
1546 5826 1692 3848
1788 7741 2531 8555
112 1279 476 5565
1954 6297 2841 8848
28 7334 930 3880
759 1781 1412 9317
1085 2593 1097 5390
371 3945 684 7941
90 1737 1004 4304
182 429 1014 4821
635 7948 1561 8476
1493 6013 2133 6193
1982 8162 2417 8932
1631 3752 2446 8230
890 4441 964 3185
1862 5533 1982 3930
1062 6483 1723 6269
1461 6216 1772 5357
867 8041 875 7471
1463 2879 1554 7375
1639 4017 1849 4203
195 6976 1041 7307
874 8425 1520 2408
1635 7614 2240 8813
314 5249 673 4898
1694 5343 2011 6193
108 1434 543 7544
685 2311 1250 3225
301 1775 660 6367
1828 1874 2479 5838
1771 3757 1987 9138
377 6539 1079 5556
565 4020 897 6198
1046 2686 1069 6463
1949 4046 2386 3780
1829 2781 2191 6095
227 4395 668 2553
760 1078 1485 2192
902 5173 963 5878
1306 7257 1484 2860
699 4937 1211 6174
137 6718 445 8397
711 3472 748 3092
895 3674 1229 2202
343 1584 572 7377
1083 3950 2010 3036
612 5072 755 1554
525 8329 1013 6791
1837 7379 2051 6950
45 3173 477 6808
874 3869 1600 8449
537 1125 1352 3845
1649 4112 2448 2772
371 3046 992 3697
663 5130 677 5031
1257 7948 2241 7948
1878 3382 2663 7042
1059 8104 1608 9057
1332 6755 1504 6870
204 1795 478 5970
1050 2100 1588 3448
1731 7276 1945 8946
1855 4488 2054 7653
1465 9257 2169 3293
518 5112 883 7444
1552 8699 1903 8377
7 2205 62 6367
45 1787 585 2264
622 8110 1322 6367
59 302 1042 4912
1792 3776 2579 9332
38
917 6164 1192 7255
1223 7545 1966 7402
882 6650 1309 1360
350 7036 1297 2780
1895 8210 2326 8590
610 7459 1274 1996
1030 3879 1238 2047
778 2780 1342 8734
16 1338 928 8850
103 6271 1074 5833
1329 9186 1989 3503
1283 7473 1555 3227
1411 4754 2253 4776
355 4850 1290 7102
88 275 1076 1266
1983 8998 2756 5166
192 7977 339 1516
849 6881 1074 8693
1936 5008 2123 6983
752 4534 1362 4159
203 824 308 3020
985 1595 1058 5311
1136 5648 1289 2822
1693 2214 2401 10162
786 3879 1422 1612
706 2422 1508 4408
98 205 916 8264
727 7201 1715 4753
1767 3891 2029 4590
1389 8585 2134 8935
788 4769 1120 1738
1638 2793 2186 9728
1307 6651 1688 5666
1135 7640 1785 7880
396 4270 1159 4914
1157 2913 1418 3473
1882 3072 2145 7976
1299 1747 1841 5783
92
1598 7991 2321 6287
1014 3314 1896 3393
1261 3120 1861 7974
1670 1736 2589 2929
1512 3022 1880 6667
1882 9111 2614 5240
1746 2425 2673 5508
1950 4501 2028 9946
1633 8087 2022 5098
1084 6502 1236 7640
201 3307 861 5468
1138 1719 1400 7916
1492 4364 2250 2831
889 6174 989 1740
1878 5007 2312 9922
1164 2589 1299 2005
998 2017 1314 1317
628 1499 1369 8986
834 2915 1745 2098
1590 2567 1675 4605
1830 6256 1993 8825
1401 6678 1674 7194
125 5568 463 4548
1526 3500 2203 2327
658 5539 1353 9294
1730 6968 1825 6257
612 4894 823 7830
1003 4205 1782 4210
532 5648 1144 4586
524 3080 1123 5292
511 6166 700 3397
1022 6954 1862 1963
1644 6117 2125 8375
257 5030 1101 2458
201 8124 356 586
1862 7694 1922 4239
1898 4800 2746 7809
1041 6936 1510 3058
1172 4965 1502 9227
1500 3681 2084 8914
1328 4813 1742 8571
1518 8138 2282 9237
1672 7969 2004 5814
1069 6591 1805 2743
1671 7122 2644 5607
206 2326 389 6259
26 5411 634 1428
191 2723 364 2819
847 4823 1407 5298
1963 8532 2096 4211
1823 6429 1906 8767
1005 3615 1277 6806
289 5052 408 7512
724 6751 1111 5570
1730 8673 2343 3145
326 2419 434 5155
1027 6586 2002 7353
1762 7580 2716 8490
1688 8804 2084 5292
1243 9013 1584 2816
95 4738 824 4292
1505 6988 2025 7350
1565 5122 1657 4209
1478 3391 2120 9268
1455 5431 2018 9490
1686 1772 1967 8743
964 8080 1200 7788
129 5413 893 8355
213 5199 773 2966
833 2578 1549 2940
1827 9385 2782 8581
1680 3456 2570 4430
66 5625 802 1313
1877 3748 2284 8172
423 4274 898 1841
1448 7783 2081 5797
1938 4954 2133 6553
1201 6225 1514 3185
1080 1228 2043 6465
681 7032 1317 6493
903 8556 1344 8089
1323 3845 2117 7607
1444 9422 2264 7162
205 4447 1095 2453
29 3438 568 5681
969 6371 1036 5465
307 8068 505 3052
218 459 369 7594
855 2227 1200 4587
660 7064 1304 7365
95 2138 174 3556
525 2540 943 8645
62
1290 6476 1740 6888
1760 8404 2417 9465
515 5881 1196 6736
145 246 508 1157
1385 7738 1874 8699
898 8692 1289 5137
1025 5382 1052 8853
1349 8232 1627 6261
499 8021 1350 8827
1711 6591 2628 2932
1764 6836 1794 7703
1691 5586 2658 6388
149 3926 323 7826
461 5623 1384 9313
576 1731 615 3556
1530 5410 2271 8296
641 1938 1422 4229
1825 8297 2656 6383
1105 7241 1816 8374
860 6265 1028 8505
681 3548 1310 7288
1844 5913 1897 7083
1603 2512 1910 6603
1507 8080 1839 6981
1658 5316 2461 5401
1772 3135 2663 5158
314 4962 763 3992
1383 8045 1901 9241
1410 7072 1835 6603
1333 9220 1624 6413
133 4429 870 4404
1984 3485 2587 9448
596 4535 778 3886
924 7755 1432 9063
1651 3051 1833 5473
1021 5379 1549 1752
74 5581 717 7200
95 7412 792 2157
1023 2884 1315 6279
687 7257 831 5939
240 732 1135 2742
320 5911 1051 7243
1151 4178 1159 1673
1762 6797 2720 3196
165 375 803 1643
815 3975 1752 3435
1372 1630 1809 9586
589 2964 744 7893
1760 8263 1991 7007
338 3589 1243 2628
1592 6275 2122 9687
866 6838 918 3027
1576 3111 2217 3102
1457 4193 2348 6792
294 7186 503 1564
1781 5014 2112 3333
796 5413 1559 4081
506 6559 1227 3695
34 1664 597 4825
135 2787 1032 5014
672 3810 1503 6058
1661 9537 1880 8818
100
385 7799 887 2270
1569 6531 2286 5167
1517 9318 1732 8370
216 4305 964 3456
1636 4983 1963 9535
1442 6119 2093 4170
1226 3037 1783 7007
1329 4568 1453 9033
1224 1650 1650 2006
135 3753 190 7884
857 2099 1406 1677
1249 7141 1472 7898
563 6444 1073 7805
890 4849 1655 4907
1330 2514 1902 2007
650 5639 968 4656
136 5110 495 2491
1778 5708 2219 9221
806 8618 1251 5755
1467 6678 1886 6115
1634 6465 2501 10221
1187 3366 1605 5184
1825 6609 2192 4944
441 555 984 1130
763 3990 1316 6704
1539 6879 2091 6720
911 2889 1120 2850
959 6563 1683 9237
913 7508 1704 6582
1095 1852 1472 5311
1773 3549 2292 4746
1579 7461 1622 2463
670 3075 1630 7366
1360 5663 1902 6005
967 4597 1837 3430
868 5656 1169 1805
869 3286 1328 5443
1477 3351 2245 7574
1129 2641 2010 2267
1759 6815 1854 9032
1237 4504 1975 6226
1831 6903 2014 7568
30 7626 346 5221
1844 6922 2466 5627
1170 7342 1680 6428
305 4353 751 4552
1152 6978 1738 1822
97 7458 119 6452
1800 9194 2380 6557
533 4519 1129 7117
374 6140 968 2965
877 6109 1099 3503
199 444 1091 8654
600 4779 1044 1410
1411 8783 2051 8762
1106 1904 1460 4182
1165 6949 1822 4340
536 2789 1111 3148
1791 7879 2415 5849
1892 2502 2131 5422
710 2891 1411 8314
958 4292 1019 2906
182 3167 905 7013
1342 2455 1736 8869
589 2604 1106 2517
1571 2781 2373 4788
1066 1092 1336 9020
43 6404 544 6119
775 5044 1098 7283
364 3380 987 7004
253 1670 319 1987
1215 3397 1511 8241
1146 8930 1735 8504
662 696 889 8052
701 3265 740 8022
225 2911 724 6338
1064 5082 1654 4692
1808 7564 2240 4997
824 1068 1025 5144
899 3401 1298 3984
496 5271 949 8413
274 878 513 4881
7 7571 470 997
1677 6558 2477 9529
697 8573 960 2804
1038 1589 1259 5751
4 7935 202 5007
285 758 1248 4937
236 7895 596 6678
989 8464 994 1989
480 7652 1428 5615
1401 7948 2074 6210
1057 6454 1481 4485
480 6479 961 6107
1175 1186 1563 6416
1385 3344 2058 8046
307 4562 1114 2360
860 8096 909 4231
10 2889 872 5172
1066 5731 1161 1411
85
1920 6932 2607 10386
1109 8824 1914 8361
1029 4236 1770 6528
1560 4123 2349 10013
1916 6018 2496 10296
1777 3416 2107 2870
1247 7777 1455 5414
1164 3958 1293 4960
159 1236 184 1118
1662 5611 2055 5114
638 7736 1067 5984
1086 4579 1778 2011
1006 2487 1835 9369
1856 6586 1929 3472
928 6045 1324 2429
610 8382 711 8142
56 429 469 4665
522 5490 1328 4644
1352 4712 1929 2724
310 1165 647 5466
355 4212 622 1525
891 961 1745 4966
1166 4205 1591 6626
501 3167 663 8014
194 2101 1081 4370
1246 3357 1713 3567
449 7445 1018 2878
948 4856 1857 5395
854 5641 1425 5528
947 7776 960 8462
557 6391 1292 2765
745 4942 1038 4068
1861 6898 2403 4486
1102 7346 1709 4886
909 8800 1379 5006
1273 6669 1796 6280
280 3350 511 5491
1642 6078 2077 7706
615 6116 1097 3159
1532 2670 2521 7525
1793 7098 2307 5530
1513 7074 1671 8476
222 4979 284 1716
1030 7605 1084 5253
771 6254 1747 6990
1087 4045 1908 2486
1384 7428 2282 9075
327 8246 650 7232
4 632 227 4607
1861 4055 2223 7721
90 2761 229 1485
826 7229 1584 5099
1423 6789 2357 10245
1719 2659 2010 8656
1591 7725 2289 3681
525 4989 1425 3397
1646 4056 1650 6814
719 7593 1443 3167
341 886 547 4423
692 7707 1546 9409
141 4445 260 6534
164 4615 339 2712
1627 6157 2583 10428
901 8648 1632 3566
1815 2188 2602 4955
1718 8848 1799 9080
194 1082 1096 6777
1918 2231 1953 9351
1423 8989 1661 1720
902 1905 1102 3592
1248 2396 2136 6763
782 4733 917 3286
1244 3619 1274 3610
629 5510 815 4166
963 8043 1825 4637
312 3609 765 3536
278 4148 1202 5643
1313 8975 1799 4857
1098 7351 1946 7563
1106 8103 1806 7058
623 6351 1572 8962
332 7311 795 7977
137 5646 387 6695
1149 6029 1526 9230
1045 4939 1770 2025
37
1597 4200 2501 5023
514 1043 1508 5421
948 5482 1920 2654
690 3264 1331 2501
1808 8278 2362 4802
863 1995 1237 8134
1024 2428 1211 4652
1900 5778 2679 5689
382 4219 551 976
1974 6120 2662 3218
1967 3161 2809 6848
1466 7899 2065 4559
1261 7746 1470 9141
1331 8389 1604 4258
1285 8120 2215 3273
104 2926 317 3190
653 8086 1545 4289
396 2198 1134 1267
1015 8986 1149 3654
203 6129 384 2499
199 492 266 4685
1506 2561 2190 7695
486 5100 1355 5244
1743 9441 1994 2764
1865 8199 2109 3939
299 4961 1004 1282
70 5380 316 5487
1548 4322 2197 6144
1736 8624 2062 7263
1840 7643 1977 2611
1487 5994 1856 6437
504 2397 1359 7757
893 6591 1809 3672
530 5137 1370 4587
998 6536 1631 5710
1812 3027 2566 10190
96 5676 935 4638
34
1050 2875 1234 3368
1818 4883 2703 10203
295 5121 1220 7531
1726 2918 2250 3710
396 2536 736 3980
847 2559 987 1986
1796 4072 1923 4938
444 4520 961 1940
288 7183 1028 1087
1365 3525 1642 5727
675 3416 875 3722
819 7532 821 4612
911 8426 1325 8295
560 2522 581 2107
326 2487 628 8490
779 3791 1022 8184
1552 3257 1593 5156
1835 3924 2213 9349
579 928 745 2135
681 6992 877 7348
281 698 684 7786
798 6971 1404 2045
1277 6797 1629 4366
1507 6359 2049 7658
960 1421 1832 7904
1632 7187 2477 4224
1253 3503 2132 7744
1437 5762 1832 8110
1921 2523 2612 5609
1299 2537 1753 8915
689 2293 1385 2459
1187 1716 2178 7833
622 4882 1190 3244
1728 8415 1971 5668
63
119 1123 868 6949
773 6881 1484 8849
1174 9026 1967 4396
777 6434 1485 2233
952 3869 1419 6144
637 3458 1190 7030
1507 7399 1835 8607
270 4720 1132 3269
1741 9507 2059 3737
1476 7781 1896 9444
821 2491 835 5244
834 8244 1486 7374
870 6798 1171 6089
933 6881 1409 2639
1540 8284 2523 6796
1760 9274 2605 5647
1101 8153 1908 2480
1089 5199 1221 4140
1093 1875 1415 1929
470 2192 849 1264
1823 7006 1905 2897
924 1798 1455 1679
1205 4033 1611 4851
724 1475 1625 2963
1914 3673 2657 6292
954 2426 1454 7291
1364 2475 1737 9022
1162 5519 2020 9822
1721 6372 2682 7362
1425 4340 2211 6411
1171 7574 1710 5507
1848 6683 2044 9291
1531 5907 1820 9612
1784 2937 2212 4145
5 3222 816 3084
1535 7691 2027 8051
1206 7877 1997 5633
1440 5630 2052 3350
399 4614 692 5548
246 924 943 6283
1057 8625 1944 6595
599 941 890 5603
1485 6201 1989 6993
1597 6215 2352 4862
231 3056 1209 4618
10 3808 979 5535
752 6199 1526 7061
121 6073 528 4645
1525 7565 2168 5989
804 6266 1153 2943
1086 3917 1931 2881
865 5530 1356 5639
996 6909 1011 3588
463 3682 550 1032
1787 7452 2612 9326
1365 3391 2346 5895
1087 5984 1685 5118
472 5375 497 3277
1587 5615 2337 10146
418 4785 935 2780
1480 8187 2422 10418
997 4689 1454 3627
1681 7456 2642 3568
64
1865 4643 1974 9296
1068 8201 2025 2332
30 152 563 2056
533 2283 881 6859
1551 6675 1768 8250
672 6158 892 5707
1499 4565 2112 7431
483 4174 893 5596
559 8316 1012 5836
1463 7018 1737 9027
1314 8016 1420 5704
1673 1892 1891 9839
687 5526 1272 6813
1228 1713 1527 2912
1804 7987 2167 3781
1564 1930 1809 5565
464 2918 1109 4843
1956 3950 2799 7585
1335 8447 1369 1613
642 6975 1223 8645
1092 7258 1763 7605
1694 6587 2220 7511
1713 8661 2179 8228
96 1373 523 6407
307 3822 1063 1314
233 7554 467 5432
746 4573 928 6906
930 7969 1187 4609
71 6730 780 7465
55 5174 416 8075
1759 8011 2525 3884
1123 6497 1419 7268
1783 6670 2239 4676
1383 6295 1414 1640
76 3886 395 1704
170 8021 785 1144
743 7484 1066 2504
420 2042 1268 8709
451 1989 960 3264
864 3491 1773 3349
544 783 697 6882
966 4554 1189 3561
212 341 365 1094
2 959 44 6445
563 6994 693 2070
966 8354 1738 6124
1074 6559 2025 2412
444 2715 501 8065
554 7922 1202 6439
470 6515 1029 4960
392 8370 831 6440
714 4165 1502 5636
751 1482 1212 2295
79 4327 985 3831
1946 9159 2141 4059
1530 6023 1781 4381
1821 7051 2341 4729
1736 5876 1889 4041
907 6467 1487 9145
376 5169 510 8094
1809 3503 2087 7753
1824 5676 1893 7887
255 7600 483 4006
1663 5698 1789 4635
4
964 6849 1314 7730
1349 4961 2234 3903
591 3098 1055 5466
126 7984 294 1293
43
166 2009 260 7950
1945 7447 2191 6486
1739 4863 1857 9370
731 7455 1521 2311
1996 8924 2609 8936
1049 1091 1081 8795
888 5007 1473 5827
1626 5831 2157 10103
1774 6972 1974 8821
1002 6276 1579 2088
1762 7825 2008 6264
1412 3525 1499 7234
380 3375 1277 6363
1975 4662 2798 7849
1896 7141 2423 8490
692 5071 1129 6720
385 5157 1212 1751
646 1046 1565 4697
1244 1247 1722 8496
341 7377 439 2847
921 1558 1312 8500
1070 3404 1827 7515
1350 2682 1604 7100
1616 5289 2278 9901
294 7313 418 2872
124 5538 271 2536
111 5592 810 5822
623 3354 1092 2634
334 2878 512 6972
79 7885 635 3411
1718 3440 2350 7980
325 7564 1197 8259
1137 2076 1162 2342
1812 7943 2799 4317
631 2797 792 2769
1676 8679 2296 10111
469 2973 723 6778
11 1337 253 2153
1750 3545 2433 8253
815 1004 1447 4402
1630 9305 2456 5392
1440 6895 1485 4763
189 1718 1169 1507
40
1152 4259 1395 1769
569 6205 580 4421
49 2448 449 4499
386 4984 474 6037
1433 6732 1472 3595
1673 6411 1845 6759
341 3321 871 6378
1196 2237 1451 1828
827 2441 1013 3773
1055 6961 1585 4826
110 6300 640 7516
416 2158 1404 6696
1498 5524 1647 7728
1090 2444 1882 2166
1164 4695 1640 6356
623 7206 1055 8046
1404 5869 2252 3033
1816 9454 2575 9526
1798 8092 2203 5314
1646 6738 1850 9721
785 5453 1302 6364
281 3756 870 5211
1557 4839 1665 2256
501 1757 1111 2112
1874 8696 2750 7036
261 1743 1220 1221
1033 8404 1653 4663
990 3078 1467 1632
829 4535 1015 6092
400 4443 1223 2454
1613 3433 2559 10410
1152 6974 1536 2332
338 4331 1189 7033
1526 4360 1531 9388
892 1243 1154 4548
758 1333 857 1097
1303 5683 2028 2389
490 5056 1332 8769
479 6428 1284 3757
519 7461 900 8701
46
1955 6705 2512 7591
1936 8062 2038 4431
1008 6662 1373 2969
645 897 1333 2983
245 280 984 3456
709 3998 848 8288
1049 3940 1914 6330
1012 1857 1909 2134
1534 5348 1721 2547
1296 3064 1548 3106
1147 3907 1716 9399
652 3190 998 1469
1770 7801 2440 3147
1069 5196 1214 3300
1510 7535 1877 3719
1402 3763 1602 5010
543 8170 1511 1775
756 7719 1616 5941
866 5900 1381 6158
1668 1792 1896 1942
468 3635 841 1432
1662 5889 2106 7600
1128 7661 1352 5684
1819 7296 2275 5792
152 1893 257 3268
94 783 625 5380
1695 3549 2408 4872
688 2467 1076 5589
1460 8245 1779 7871
1834 6292 2400 10216
1413 1450 2072 6937
1563 3298 1987 4208
1987 9768 2181 5165
1506 5479 2475 10163
1867 4645 2397 4921
1149 4617 1726 5339
264 6318 282 4118
1703 8349 2074 9234
527 1031 1480 6193
1208 6949 1596 8606
1072 7962 1657 4557
40 676 115 3676
1786 8299 2363 3277
617 4904 800 8473
1956 3838 2129 2526
1561 6801 2291 10192
34
258 908 1001 3976
537 5847 1492 5911
576 7527 842 996
861 7791 882 4955
1603 5456 1782 9487
558 2735 875 5754
394 7558 1340 6120
457 8384 1075 7030
1268 3637 1298 8236
1880 3029 2367 10301
1761 3666 2579 2825
1231 8454 2000 5004
153 2960 414 1492
1864 6812 2401 6730
409 6833 928 5721
1755 5621 1996 7298
419 5716 1387 1479
960 8067 971 7602
883 3795 910 4451
1220 1410 2179 4667
688 8553 890 3239
992 3742 1791 4339
476 7560 512 3606
178 271 344 5845
1871 7855 1894 2808
137 5326 793 8677
462 3113 1225 4223
567 4574 1124 8465
1615 5972 2084 7139
804 7870 1156 3781
1709 7084 2472 6630
440 5244 689 2763
1963 4024 2912 8072
168 4979 562 1150
45
345 5205 999 3841
1449 8319 1700 3054
558 6370 1076 8466
1402 6341 1926 5588
1026 3637 1593 7735
1319 2813 1619 7969
624 6718 1508 7634
570 3180 594 5941
1854 6303 2602 8064
1648 2243 1822 8376
797 8741 994 8970
1559 3484 2491 7140
1315 9081 2168 5920
1458 7838 1829 3909
1477 7695 2162 4592
148 2133 466 7178
1564 5730 2545 2601
321 3093 416 2289
305 4354 576 5654
54 3225 862 3197
1162 7664 1249 6201
1240 2711 1875 4750
962 4842 1953 6170
1507 3676 1532 5001
1915 9509 2438 2564
882 7686 941 3751
1372 6188 2245 10028
40 5359 196 1329
318 6792 368 2791
1630 2941 1907 8928
228 6668 1184 7203
515 8012 524 1492
1017 2197 2009 3671
327 5675 729 4265
1931 5564 2824 7882
452 6239 558 8374
154 840 922 7642
694 7574 1603 6983
5 5473 539 7104
911 1294 1388 3259
277 6830 1031 7319
1724 4460 1883 2902
407 3508 1307 7624
427 5920 618 8192
958 6365 1510 4549
97
1369 3859 1927 5875
557 3124 1133 7087
1857 9102 2168 6329
1793 9438 2758 7016
1389 2783 1976 2595
173 1249 1049 3231
30 7297 508 2918
1782 2825 2377 8484
165 6294 251 3644
1370 8582 1733 5745
540 2621 1304 2453
632 4263 994 3976
818 6897 1122 4189
139 4019 553 7167
1409 6610 2111 2705
988 1047 1703 1926
823 3971 914 957
417 6549 781 4648
672 6019 1281 1448
1180 1893 1854 6085
935 2704 1712 5013
1329 8470 1919 2324
100 1782 298 5455
1535 3638 1810 8886
1360 5967 2080 2501
242 5297 474 2639
906 2755 1081 5404
749 6052 1152 8134
4 3529 385 5650
119 3179 1000 5037
885 4075 1138 4930
1606 5452 1902 3679
1123 5214 1375 4729
450 976 476 1496
905 1800 1177 5921
1998 8759 2822 7672
1275 4221 1506 3877
800 6364 1695 2999
1626 3029 1835 6533
24 6851 345 2754
1200 6226 1732 8790
1119 5706 1738 2337
1023 5335 1414 5198
1687 3810 2576 9585
1684 5909 2465 7666
1466 5266 1565 2485
616 829 1217 5178
724 4242 1416 5994
1452 4319 1706 2704
1818 9694 2149 3404
718 2347 1717 4129
1053 8800 2036 4306
1693 7305 1921 7553
1224 1395 2087 10045
1844 6165 2319 4521
1339 1433 1993 5684
1407 8809 2057 5636
437 2631 464 2793
1036 7104 1251 7666
757 5906 1086 1328
1806 2722 2332 7383
1343 8290 2169 5377
1596 6973 2087 4858
844 6111 1626 4609
1555 6441 2266 5747
809 1762 1150 7451
1233 8446 2114 2616
1218 3794 1310 7425
1134 6020 1834 6232
465 3717 1299 4226
1325 4770 2015 2927
199 5783 355 3769
586 2142 704 6191
1801 6609 2618 4778
1209 5112 2037 3509
1674 3613 1940 8112
1460 5758 1640 3014
1884 5007 2126 6114
1054 4251 1751 4877
1737 5811 2619 7581
779 5306 1741 4327
550 6810 1032 3718
695 2154 1209 8869
1451 9422 2263 9572
238 7803 762 1269
1219 2971 1876 2108
867 8204 1510 5284
1509 3352 1724 7272
1681 1855 2572 7772
128 7041 505 4037
1013 3873 1026 4623
881 3493 891 7502
1403 2201 1947 2555
1763 8274 1826 2604
1747 5040 2607 2988
1706 6576 2443 7192
119 1971 505 2197
20
1735 9483 2708 3380
1887 9213 2370 2668
1268 8796 1692 4567
1893 9601 2380 4732
1411 5982 2211 8622
1812 7948 2012 5552
1958 3231 2596 7795
1022 5822 1543 4529
527 1745 864 1033
856 6079 1229 2439
10 5083 940 5610
1306 3330 1934 7847
1161 2587 1227 6673
453 6132 1060 8885
465 6454 628 1866
1197 7823 1289 6025
1500 3713 2377 6945
1346 8211 2216 9371
1277 2755 1909 6066
616 8390 908 3697
66
392 3209 1098 6103
1212 4360 1773 8791
1789 6849 2073 7611
625 2001 1519 8244
1316 6272 2258 5319
345 7638 1054 2529
1726 2026 2249 4950
1578 7534 2360 8231
554 3594 952 3803
1743 7594 2247 5756
1296 8332 1775 3318
1132 6056 1533 8654
790 3206 1284 3082
1208 7551 1973 7406
1016 6496 1191 9151
1116 5283 1278 9268
1726 7638 1971 7648
1808 4488 2694 8285
472 8305 687 1256
516 3815 538 5693
1733 8847 1829 6027
335 1735 857 8808
1055 5131 1769 2427
222 4532 459 2334
1483 6822 2449 9469
1890 2391 1912 9597
200 1703 616 7875
1829 3088 2623 8519
319 1756 379 2094
1725 9673 2487 9831
598 1337 1160 7967
356 1895 1158 4195
650 5747 1201 8474
695 2472 1438 4673
625 4834 893 2802
1978 6601 2592 7019
286 7347 1189 4765
772 4896 953 6922
1547 3729 2121 7012
57 7950 942 5346
43 7174 843 8768
1154 6616 1214 2867
131 2756 908 3244
543 4823 563 8173
1215 2788 1994 9695
1083 7450 1840 6767
792 8744 1457 7760
1493 6341 2302 5870
1041 1104 1868 9534
1020 6008 1655 9219
1854 3194 2468 8433
1300 1362 1619 2392
1911 6800 2096 8514
1015 2476 1223 3179
1449 5732 1747 3001
1792 9766 2358 7814
716 3545 1594 5630
1186 1661 1213 9204
1874 2069 2785 4130
940 6941 1787 3452
1155 7253 2108 7226
457 4877 854 5077
1796 6812 2404 5944
530 6395 882 1972
841 8274 1251 3174
332 8125 794 1220
13
443 4784 852 6531
1763 4884 2414 10175
374 1018 1166 7042
189 977 823 6819
1228 6892 2010 8255
1512 2479 1882 5330
541 5110 1431 7670
1829 7544 1890 7564
418 4939 678 6900
1305 6070 1344 3237
1262 5245 2191 6050
625 1051 863 6038
876 3101 1831 4831
25
749 8084 929 7070
837 5073 929 7379
1622 1631 2195 6742
733 6803 1587 4907
1210 1585 1408 8725
1102 4805 2014 9082
717 2565 1296 2526
245 966 843 7820
236 2645 777 6315
1222 8216 2022 6090
1991 9760 2925 3643
1018 7306 1731 6881
841 8818 962 7685
995 5982 1418 6423
1779 6688 2719 4930
1649 3252 2286 3290
1073 2899 1465 2587
205 5545 483 7411
1994 2197 2404 9598
1073 1114 1089 7887
894 3488 1164 3008
1599 4274 2133 8685
181 2821 711 4185
249 2770 861 5781
1330 4237 1705 8952
67
1668 6165 2055 9025
1789 2246 2749 10370
1545 3497 2303 6000
1456 8540 2122 2721
1581 1828 1740 7893
47 1996 765 8260
935 8517 1811 2588
1574 7595 1972 6490
1228 6201 1873 3830
1514 2384 1735 7235
23 6148 965 3185
1165 3172 1371 3230
907 2410 1603 4787
1708 9547 2190 3494
984 2082 1380 7505
1771 4186 2126 3849
613 1519 1464 5086
1316 1812 1319 1597
152 2027 510 8029
1339 8411 1909 8494
255 4204 1070 6661
943 8454 1691 6279
8 6097 264 4807
1713 7758 1713 8108
1808 3046 2314 10055
844 5381 1355 5877
1478 2544 1757 7592
998 2446 1094 8607
710 2979 1026 2805
1063 4945 1920 4506
1225 9099 1459 7084
1736 4256 1785 8170
294 5970 322 4898
515 6276 1355 6216
439 4457 1366 7733
1211 6392 2189 6900
1720 2969 2356 7579
847 2031 1228 3231
1423 4630 1435 4734
6 3797 944 8424
1965 5485 2935 2941
1002 5835 1632 2830
1746 6352 1746 8837
870 1628 1708 2154
863 8128 1021 8730
1770 9253 2049 7323
1603 6080 1699 8271
1983 7800 2709 4904
781 1972 1365 4692
1466 4911 1674 4849
1785 3286 1938 9322
102 6642 181 6460
1348 7002 1542 9421
226 5296 376 7172
69 6536 779 8747
1908 8015 2308 7686
108 6369 1067 4266
1072 7685 1537 9417
1585 3449 1794 9701
39 5021 566 2002
1361 1612 1689 8987
1852 6735 2526 8192
579 8019 1086 8419
1933 8443 2712 10609
1439 7663 2240 10069
1996 6605 2928 4446
929 7202 1071 2871
19
468 8292 918 8898
1285 6020 1928 7977
709 982 757 1316
1659 9325 1862 3468
212 4555 391 2400
1576 5894 2093 7095
631 6899 1062 3542
1720 7020 2197 5372
591 2916 1167 2569
453 8372 1301 2329
405 5905 852 3344
1090 5754 1297 4834
794 1894 883 5081
1795 9560 2346 3676
1213 6456 1726 8337
285 3022 502 7092
244 2639 873 5408
1389 2833 1538 4564
1686 3244 2136 3232
75
1082 1661 1302 7720
1899 8351 2065 2587
1847 9126 1978 5249
332 6479 1136 2569
865 7125 1468 6898
244 6895 411 2201
1511 9066 2100 7932
540 3064 1344 8400
176 6977 804 3428
1583 5983 2579 9183
1614 6558 1625 6410
314 2703 701 1178
643 6982 761 3906
1372 1978 2115 7276
1591 4294 1853 9163
377 6639 764 4961
1835 3062 2001 5879
1603 7723 1825 4573
673 1908 1106 8414
1662 8463 2282 7955
1501 1960 1916 7014
235 2635 450 5770
835 5420 1716 6136
873 5164 1188 9025
163 991 307 5075
1108 1424 1714 7798
458 6526 496 5613
1916 6010 2879 9642
1544 8361 2312 3151
1242 6430 1323 8388
570 7961 1278 1835
1931 7351 2192 3241
1639 2968 2610 5617
668 8527 1058 3561
1504 3128 2207 2574
530 5359 677 6981
328 8072 922 2698
1342 4618 1459 3848
1236 1465 1698 2900
127 1858 465 2013
538 7942 1033 7697
1689 7045 2660 5271
1587 3989 1863 5164
1411 2406 1767 8104
1102 8719 1482 8222
780 3115 1715 3065
1115 5965 1308 5512
1771 2045 2334 7711
309 1464 759 937
41 3883 335 4461
1114 2623 1598 6407
1728 8818 2437 7136
972 7833 1308 9104
665 2608 989 8446
1990 4066 2581 8328
1035 8120 1413 1431
959 7884 1844 7986
86 2744 1017 7811
510 7517 1385 6411
1739 5664 2085 2883
783 7983 1506 6487
153 2662 263 7435
1243 2971 2177 5012
771 2435 998 1797
764 8077 1750 3617
541 3125 940 4992
951 4978 1089 1918
507 5581 1219 2506
285 3373 945 8890
1648 6209 2522 10137
1614 2137 1756 8314
1374 4849 2215 5016
834 5111 1783 6772
1975 6615 2931 10317
318 5648 395 2000
46
358 4486 1135 6322
511 7164 1413 8648
1764 4210 2755 5884
894 5173 898 2343
1570 7533 1722 3578
1478 3228 1620 6951
1273 7482 1773 5513
698 2075 1662 7985
1522 3253 2152 7955
1147 7522 1829 2559
154 976 675 2798
1092 2570 1388 7135
1267 3095 1898 9840
1721 6419 1722 3310
1488 6518 2159 6480
844 3759 1035 8823
1605 4286 2398 2656
1698 7255 2439 2778
769 5307 1432 7478
667 3065 1154 2376
884 1964 1550 3710
1575 8256 1777 4330
442 1469 1350 3505
509 7735 1333 6263
1345 1601 2030 7523
1731 1917 1806 7891
958 5574 1709 6682
1217 1958 1871 9317
1801 5339 2202 2321
1430 7688 2309 9142
1882 4562 2433 8327
1882 4547 2857 6449
54 8025 693 6900
26 3252 996 3129
18 6762 899 4583
1190 3605 1309 6319
424 1537 502 5051
450 3612 1230 5166
591 3685 599 7875
622 1496 637 7650
867 2118 1327 6179
1916 8084 1927 3031
281 5287 663 5034
556 7776 722 1927
878 8277 1384 8193
1027 6904 1460 5310
69
1975 5451 2725 5358
1633 2075 2612 3705
1209 5534 2169 5033
1137 7292 1199 5544
1550 8127 2092 4337
237 2275 767 3506
1621 8768 1718 4099
456 8010 1095 5483
1351 7176 1643 4760
1327 4656 2304 8622
501 1709 1000 7115
500 6959 967 3532
1901 4389 2497 6482
682 4348 935 2653
949 8007 1692 6831
1822 8928 1921 8044
343 4345 972 2057
1178 3035 1703 2704
1498 6469 1672 1804
282 6679 1066 4691
96 3750 673 4984
253 5332 290 8144
1774 5107 2236 5666
324 1919 858 1551
751 8147 1519 1765
1306 8069 1679 5747
1275 1500 1343 7065
2 448 868 2769
929 8193 1772 4129
375 1161 543 5179
70 107 335 668
1076 6338 1595 5179
1207 9032 1720 6925
301 1555 1179 5053
1085 5806 1941 8193
1790 7150 2768 3913
1727 8973 1821 9268
1969 4558 2674 3639
361 4046 751 1014
1148 8999 1913 9475
875 1930 1145 6625
1737 6443 2009 4548
1596 8726 1839 3898
1231 7126 2094 9504
722 7807 738 7303
749 5611 788 7174
1526 6292 2312 3077
1419 5225 2091 6540
1139 4649 1480 7743
435 3483 758 5662
1962 4635 2499 9907
1762 6916 2483 7899
1622 5590 1914 6801
308 5548 721 893
676 1671 898 2502
535 4512 1083 7072
1660 2182 2638 5125
1036 5591 1433 1864
1597 5934 2448 5449
1525 7644 2512 3195
251 2851 613 724
1539 4630 2216 6241
923 5611 961 7184
649 4988 1419 6392
1324 9068 2014 9762
1520 4781 2291 9877
136 6233 367 3048
1971 9903 2803 4550
254 1832 650 6807
