3922
5098 5149
4151 4202
4722 4773
5338 5389
9447 9498
8989 9040
1012 1063
3111 3162
130 181
5140 5191
6610 6661
3207 3258
9699 9750
1989 2040
7849 7900
3493 3544
2632 2683
3054 3105
5985 6036
4124 4175
1498 1549
2790 2841
1247 1298
5125 5176
2087 2138
5031 5082
1884 1935
54 105
6643 6694
8575 8626
567 618
6022 6073
6048 6099
484 535
4991 5042
2441 2492
7344 7395
6036 6087
9965 10001
2589 2640
8539 8590
5092 5143
3826 3877
7355 7406
5540 5591
5401 5452
7108 7159
1113 1164
6794 6845
7022 7073
8428 8479
1087 1138
1155 1206
988 1039
1944 1995
3439 3490
2063 2114
2200 2251
8502 8553
3240 3291
3077 3128
8550 8601
6513 6564
4366 4417
8347 8398
2857 2908
2828 2879
4170 4221
5579 5630
9940 9991
9418 9469
8281 8332
366 417
6302 6353
1719 1770
761 812
9102 9153
162 213
8931 8982
7882 7933
9622 9673
4159 4210
100 151
7358 7409
7404 7455
462 513
8502 8553
5368 5419
3718 3769
2654 2705
1373 1424
7147 7198
2246 2297
2067 2118
1204 1255
9427 9478
1754 1805
9643 9694
706 757
5862 5913
6295 6346
8555 8606
613 664
2428 2479
875 926
3848 3899
1328 1379
426 477
5723 5774
6166 6217
2594 2645
9689 9740
7519 7570
2808 2859
388 439
4792 4843
9588 9639
8652 8703
5317 5368
7229 7280
5730 5781
8186 8237
2247 2298
5007 5058
5572 5623
4051 4102
9412 9463
7661 7712
7744 7795
606 657
6482 6533
100 151
139 190
9269 9320
1907 1958
9170 9221
1974 2025
9211 9262
54 105
2524 2575
1853 1904
6275 6326
2314 2365
6379 6430
3445 3496
8859 8910
8043 8094
5405 5456
964 1015
3003 3054
8796 8847
5200 5251
3311 3362
4630 4681
285 336
5682 5733
8696 8747
5470 5521
342 393
7148 7199
2304 2355
8240 8291
99 150
4284 4335
782 833
1018 1069
8012 8063
5358 5409
6953 7004
785 836
2166 2217
6521 6572
1999 2050
1037 1088
2714 2765
8326 8377
8824 8875
3828 3879
1519 1570
8177 8228
5827 5878
4544 4595
1933 1984
2302 2353
7598 7649
3374 3425
2133 2184
2249 2300
7005 7056
6653 6704
7357 7408
9942 9993
9626 9677
7913 7964
4400 4451
3538 3589
3436 3487
1272 1323
1717 1768
3736 3787
2095 2146
7011 7062
240 291
9734 9785
7133 7184
605 656
975 1026
282 333
3165 3216
1463 1514
9691 9742
4721 4772
5147 5198
9877 9928
2840 2891
3563 3614
7664 7715
6265 6316
7161 7212
6532 6583
965 1016
3378 3429
7865 7916
5624 5675
8070 8121
5985 6036
2657 2708
1422 1473
2124 2175
1055 1106
8062 8113
4038 4089
8450 8501
1092 1143
3937 3988
9777 9828
3952 4003
4252 4303
7507 7558
4007 4058
1050 1101
7274 7325
5246 5297
2837 2888
6238 6289
4420 4471
6002 6053
5316 5367
4893 4944
9656 9707
8545 8596
2976 3027
9733 9784
5239 5290
4100 4151
4392 4443
9290 9341
3410 3461
4482 4533
9682 9733
7249 7300
3250 3301
8665 8716
5775 5826
1367 1418
7808 7859
7649 7700
59 110
3223 3274
8817 8868
2635 2686
3990 4041
3984 4035
1982 2033
3797 3848
681 732
602 653
146 197
6544 6595
2819 2870
5623 5674
2452 2503
8105 8156
7836 7887
435 486
5857 5908
8180 8231
2775 2826
7675 7726
2730 2781
5498 5549
9916 9967
3770 3821
2627 2678
920 971
6727 6778
1298 1349
837 888
910 961
3848 3899
6855 6906
6008 6059
7752 7803
1417 1468
2689 2740
8838 8889
9453 9504
7230 7281
202 253
6334 6385
1913 1964
2426 2477
6855 6906
2855 2906
3655 3706
1884 1935
7269 7320
3101 3152
3540 3591
4970 5021
9666 9717
5507 5558
4168 4219
1430 1481
4460 4511
8798 8849
936 987
4067 4118
5708 5759
661 712
3107 3158
6083 6134
314 365
1496 1547
4837 4888
8788 8839
1902 1953
5371 5422
282 333
6978 7029
6756 6807
1234 1285
6338 6389
6006 6057
2651 2702
1394 1445
8900 8951
8922 8973
9585 9636
4639 4690
5206 5257
9700 9751
878 929
4274 4325
5999 6050
3749 3800
4288 4339
2200 2251
8482 8533
2215 2266
5682 5733
1913 1964
6703 6754
4799 4850
5449 5500
6037 6088
7965 8016
1445 1496
864 915
4912 4963
1560 1611
4629 4680
6266 6317
7379 7430
6003 6054
6289 6340
1784 1835
9557 9608
8183 8234
8878 8929
6581 6632
5239 5290
5207 5258
3038 3089
9383 9434
1783 1834
1666 1717
388 439
3905 3956
8785 8836
5618 5669
8942 8993
917 968
8768 8819
3193 3244
9977 10001
7218 7269
7758 7809
9352 9403
1694 1745
5340 5391
5725 5776
9590 9641
555 606
4132 4183
8469 8520
6570 6621
4903 4954
3946 3997
473 524
1945 1996
4265 4316
6195 6246
5117 5168
271 322
7421 7472
8968 9019
2541 2592
676 727
2332 2383
4206 4257
2019 2070
4694 4745
2910 2961
8042 8093
1998 2049
1089 1140
5545 5596
6351 6402
375 426
2095 2146
2186 2237
3919 3970
1957 2008
2547 2598
5338 5389
5262 5313
4083 4134
7525 7576
4665 4716
1353 1404
7447 7498
9535 9586
3562 3613
9752 9803
6881 6932
9662 9713
161 212
5886 5937
8691 8742
8293 8344
5262 5313
3757 3808
563 614
4980 5031
2791 2842
2715 2766
1354 1405
2482 2533
1093 1144
5119 5170
7673 7724
1869 1920
4278 4329
3230 3281
5712 5763
2025 2076
1649 1700
3594 3645
1231 1282
6437 6488
574 625
5516 5567
4090 4141
8225 8276
5662 5713
2279 2330
4814 4865
6456 6507
8390 8441
3818 3869
1239 1290
4747 4798
1533 1584
6459 6510
8684 8735
5011 5062
7776 7827
3680 3731
6722 6773
6943 6994
6553 6604
3126 3177
5007 5058
8061 8112
7217 7268
7905 7956
9888 9939
4728 4779
8019 8070
9202 9253
6170 6221
2616 2667
3123 3174
453 504
6196 6247
3930 3981
8244 8295
560 611
6409 6460
1663 1714
9576 9627
9015 9066
7760 7811
4720 4771
4863 4914
8211 8262
304 355
2699 2750
1804 1855
2239 2290
3082 3133
618 669
5882 5933
9851 9902
4909 4960
8101 8152
276 327
814 865
9156 9207
920 971
2403 2454
3306 3357
3912 3963
3810 3861
7989 8040
9304 9355
4853 4904
3398 3449
7695 7746
7632 7683
6018 6069
5780 5831
2506 2557
2502 2553
1707 1758
1005 1056
1392 1443
7124 7175
631 682
1893 1944
5447 5498
7730 7781
1309 1360
5051 5102
2596 2647
3611 3662
5550 5601
5489 5540
6344 6395
7470 7521
7011 7062
6042 6093
4985 5036
608 659
1848 1899
2 53
6371 6422
4768 4819
5159 5210
3854 3905
7534 7585
375 426
8469 8520
4782 4833
6059 6110
4893 4944
7886 7937
374 425
9807 9858
6354 6405
7466 7517
23 74
2704 2755
400 451
8674 8725
4140 4191
3790 3841
4578 4629
500 551
6797 6848
53 104
795 846
6013 6064
571 622
906 957
8261 8312
7715 7766
5471 5522
572 623
2843 2894
5388 5439
7975 8026
7193 7244
6826 6877
5491 5542
2695 2746
204 255
2095 2146
2914 2965
281 332
2481 2532
2907 2958
4559 4610
4630 4681
8379 8430
780 831
1674 1725
595 646
756 807
8697 8748
7472 7523
7805 7856
5364 5415
5222 5273
6810 6861
1452 1503
6947 6998
2284 2335
5721 5772
2416 2467
4599 4650
4478 4529
656 707
9413 9464
8205 8256
2106 2157
2739 2790
6738 6789
4095 4146
8448 8499
728 779
249 300
2011 2062
7311 7362
5779 5830
7616 7667
402 453
7802 7853
2171 2222
7995 8046
4256 4307
5121 5172
2036 2087
7515 7566
2432 2483
8067 8118
6961 7012
7307 7358
2210 2261
9182 9233
7294 7345
3823 3874
7939 7990
3104 3155
8521 8572
2564 2615
881 932
2632 2683
4295 4346
18 69
8462 8513
4841 4892
4396 4447
4901 4952
8899 8950
2357 2408
8428 8479
5383 5434
8813 8864
1342 1393
7265 7316
6262 6313
9761 9812
856 907
1166 1217
4275 4326
830 881
2894 2945
7131 7182
616 667
2853 2904
3556 3607
3827 3878
7515 7566
2104 2155
4800 4851
5894 5945
9310 9361
3934 3985
7593 7644
9824 9875
642 693
3330 3381
3211 3262
8488 8539
4894 4945
2536 2587
9891 9942
6578 6629
9855 9906
5047 5098
645 696
5494 5545
4061 4112
9642 9693
9156 9207
3563 3614
6872 6923
9467 9518
4326 4377
2557 2608
8643 8694
474 525
7786 7837
4818 4869
4986 5037
7422 7473
2840 2891
1489 1540
8564 8615
1350 1401
5984 6035
8630 8681
6395 6446
59 110
1306 1357
2630 2681
5371 5422
2458 2509
8411 8462
6735 6786
4273 4324
5881 5932
7044 7095
2199 2250
8951 9002
9794 9845
7767 7818
6314 6365
263 314
5664 5715
9056 9107
3576 3627
3297 3348
6606 6657
9277 9328
1196 1247
3274 3325
2298 2349
8747 8798
1709 1760
6780 6831
9117 9168
7389 7440
5526 5577
9675 9726
6459 6510
6677 6728
8539 8590
4763 4814
9430 9481
6132 6183
4999 5050
5234 5285
3057 3108
7802 7853
4944 4995
7418 7469
7100 7151
5803 5854
9339 9390
3148 3199
7532 7583
1339 1390
6480 6531
4440 4491
3676 3727
6402 6453
3329 3380
5187 5238
3797 3848
2159 2210
2659 2710
167 218
8762 8813
969 1020
4477 4528
3543 3594
759 810
8130 8181
5075 5126
1313 1364
1501 1552
1047 1098
5885 5936
770 821
4426 4477
427 478
4984 5035
446 497
4088 4139
3193 3244
1570 1621
9143 9194
3885 3936
1165 1216
9955 10001
6690 6741
1657 1708
9851 9902
8777 8828
4158 4209
6010 6061
3705 3756
8074 8125
9747 9798
9399 9450
9850 9901
8142 8193
1168 1219
4784 4835
4706 4757
1059 1110
4283 4334
3347 3398
1145 1196
6794 6845
773 824
3019 3070
3757 3808
4458 4509
58 109
6042 6093
7703 7754
4046 4097
2796 2847
1165 1216
4238 4289
2747 2798
6017 6068
7713 7764
656 707
4486 4537
7609 7660
7411 7462
2005 2056
1005 1056
4858 4909
3997 4048
7698 7749
7489 7540
4973 5024
1597 1648
9862 9913
3737 3788
1235 1286
2377 2428
4688 4739
4222 4273
5231 5282
6524 6575
7343 7394
6433 6484
5844 5895
6529 6580
4264 4315
4839 4890
1760 1811
7866 7917
433 484
2889 2940
8454 8505
2007 2058
8559 8610
4689 4740
1499 1550
9869 9920
5651 5702
9550 9601
6348 6399
6248 6299
6507 6558
6448 6499
9286 9337
2212 2263
1214 1265
2538 2589
2570 2621
9162 9213
6491 6542
4805 4856
5704 5755
6581 6632
9721 9772
6179 6230
7574 7625
5952 6003
9155 9206
7506 7557
8909 8960
1179 1230
4725 4776
4982 5033
1506 1557
8756 8807
6461 6512
2338 2389
178 229
1562 1613
4899 4950
8121 8172
4122 4173
129 180
6305 6356
4364 4415
857 908
1920 1971
3206 3257
2028 2079
514 565
3974 4025
9488 9539
3885 3936
8466 8517
4655 4706
6378 6429
6498 6549
1155 1206
398 449
4622 4673
8003 8054
6531 6582
837 888
6830 6881
9257 9308
3238 3289
2614 2665
4835 4886
9132 9183
6337 6388
7546 7597
7530 7581
5451 5502
5964 6015
2070 2121
6747 6798
9537 9588
4405 4456
7314 7365
4103 4154
3238 3289
4498 4549
9788 9839
8527 8578
864 915
9859 9910
7505 7556
4656 4707
9980 10001
1663 1714
3252 3303
660 711
319 370
2903 2954
967 1018
4109 4160
4808 4859
3564 3615
2203 2254
9478 9529
9041 9092
1294 1345
6890 6941
6726 6777
7930 7981
8202 8253
8099 8150
5137 5188
4898 4949
2467 2518
301 352
6496 6547
4050 4101
9249 9300
1078 1129
7003 7054
8914 8965
2851 2902
586 637
3254 3305
9484 9535
370 421
3183 3234
1494 1545
13 64
2283 2334
2159 2210
8734 8785
9201 9252
7253 7304
2142 2193
1366 1417
4506 4557
3145 3196
8927 8978
522 573
4748 4799
4246 4297
8783 8834
5619 5670
2075 2126
3627 3678
8699 8750
9886 9937
1443 1494
8731 8782
3338 3389
2176 2227
8567 8618
6848 6899
925 976
9178 9229
8343 8394
8514 8565
4406 4457
5586 5637
9624 9675
8440 8491
5777 5828
2200 2251
5379 5430
8860 8911
340 391
4476 4527
5078 5129
759 810
6146 6197
5617 5668
550 601
48 99
6988 7039
2211 2262
833 884
4330 4381
8649 8700
9183 9234
6745 6796
4103 4154
6238 6289
9483 9534
5652 5703
1024 1075
377 428
2136 2187
9426 9477
5447 5498
5425 5476
6580 6631
637 688
8606 8657
2534 2585
5854 5905
4613 4664
8822 8873
9770 9821
9029 9080
4233 4284
679 730
18 69
1714 1765
4804 4855
2969 3020
7494 7545
2100 2151
3280 3331
806 857
6592 6643
1762 1813
993 1044
4581 4632
1344 1395
8206 8257
7133 7184
941 992
5343 5394
6174 6225
4095 4146
9280 9331
9009 9060
9783 9834
9023 9074
463 514
5536 5587
8432 8483
1872 1923
5052 5103
5178 5229
1077 1128
6851 6902
4589 4640
5626 5677
210 261
6983 7034
7089 7140
3015 3066
408 459
3353 3404
728 779
9846 9897
3126 3177
6120 6171
2364 2415
7588 7639
9610 9661
9181 9232
4104 4155
2834 2885
6394 6445
2471 2522
9135 9186
3508 3559
6997 7048
8650 8701
9965 10001
937 988
3659 3710
1550 1601
4301 4352
68 119
2663 2714
2104 2155
8945 8996
360 411
5118 5169
6684 6735
2829 2880
8596 8647
3748 3799
4654 4705
1574 1625
5164 5215
9788 9839
4495 4546
4061 4112
3714 3765
1637 1688
9675 9726
635 686
415 466
7241 7292
6805 6856
3129 3180
4424 4475
4558 4609
317 368
1539 1590
6905 6956
8132 8183
7620 7671
9972 10001
5158 5209
5608 5659
8991 9042
8183 8234
4534 4585
568 619
5675 5726
2123 2174
9842 9893
6464 6515
6611 6662
4392 4443
5725 5776
4204 4255
5223 5274
3398 3449
7863 7914
9725 9776
1048 1099
9315 9366
4473 4524
7193 7244
1156 1207
6337 6388
2150 2201
9222 9273
8773 8824
4083 4134
9674 9725
3910 3961
4403 4454
5608 5659
8954 9005
7248 7299
7622 7673
6269 6320
6351 6402
1503 1554
2180 2231
5894 5945
725 776
5736 5787
2062 2113
1766 1817
6330 6381
2262 2313
95 146
8206 8257
8028 8079
7353 7404
37 88
1669 1720
6060 6111
4673 4724
4904 4955
1879 1930
9007 9058
2239 2290
2811 2862
4149 4200
3987 4038
3348 3399
5725 5776
5570 5621
4042 4093
7993 8044
3656 3707
9465 9516
6883 6934
4103 4154
7892 7943
7482 7533
9988 10001
5471 5522
1205 1256
639 690
1362 1413
3726 3777
2386 2437
9579 9630
2864 2915
311 362
9720 9771
7604 7655
6063 6114
169 220
1103 1154
4380 4431
1104 1155
7114 7165
6938 6989
540 591
5500 5551
1768 1819
8112 8163
1486 1537
6352 6403
40 91
51 102
191 242
4999 5050
2782 2833
9216 9267
9110 9161
9438 9489
4620 4671
2800 2851
8918 8969
4873 4924
4768 4819
5316 5367
3966 4017
3209 3260
8237 8288
5702 5753
5021 5072
998 1049
8363 8414
820 871
4698 4749
7116 7167
7891 7942
5583 5634
34 85
3545 3596
9746 9797
1716 1767
1070 1121
7841 7892
7735 7786
628 679
3781 3832
3468 3519
5489 5540
6893 6944
5163 5214
6106 6157
1636 1687
9900 9951
9279 9330
1567 1618
8362 8413
6012 6063
8554 8605
2734 2785
8568 8619
6489 6540
1123 1174
3389 3440
6812 6863
4883 4934
1747 1798
8324 8375
1275 1326
5045 5096
4807 4858
5390 5441
7852 7903
6325 6376
2557 2608
8343 8394
1884 1935
6050 6101
6675 6726
2140 2191
3342 3393
4040 4091
1142 1193
5643 5694
7650 7701
7992 8043
1209 1260
2196 2247
9970 10001
3160 3211
9784 9835
9149 9200
1584 1635
1354 1405
612 663
3708 3759
386 437
4648 4699
2349 2400
3006 3057
7599 7650
5940 5991
9244 9295
6484 6535
36 87
3288 3339
2611 2662
5191 5242
7386 7437
6490 6541
720 771
1984 2035
6682 6733
589 640
6042 6093
5769 5820
4782 4833
250 301
2837 2888
9154 9205
4229 4280
3127 3178
7216 7267
2714 2765
3542 3593
920 971
9638 9689
1303 1354
3200 3251
2712 2763
9013 9064
5109 5160
8736 8787
7295 7346
861 912
9494 9545
613 664
1335 1386
6116 6167
2077 2128
1108 1159
4821 4872
1076 1127
7181 7232
5071 5122
6256 6307
8237 8288
8401 8452
7283 7334
214 265
9520 9571
9476 9527
6234 6285
2809 2860
2119 2170
9190 9241
1735 1786
67 118
9644 9695
2381 2432
2101 2152
7951 8002
8229 8280
3777 3828
7211 7262
3918 3969
2307 2358
5558 5609
8148 8199
9107 9158
5303 5354
3789 3840
132 183
2516 2567
4376 4427
844 895
7713 7764
8753 8804
2952 3003
3526 3577
2083 2134
5380 5431
7082 7133
4753 4804
4404 4455
1023 1074
4158 4209
1638 1689
4557 4608
3610 3661
6748 6799
8071 8122
4347 4398
7968 8019
268 319
3638 3689
920 971
396 447
9324 9375
2374 2425
8704 8755
8655 8706
7486 7537
8761 8812
238 289
4481 4532
8560 8611
8859 8910
4090 4141
7291 7342
7119 7170
6910 6961
2652 2703
4092 4143
8243 8294
4496 4547
6037 6088
8394 8445
2817 2868
107 158
3438 3489
4723 4774
6941 6992
6387 6438
7053 7104
9446 9497
5090 5141
6229 6280
1941 1992
3528 3579
9591 9642
6294 6345
6181 6232
4381 4432
4520 4571
3361 3412
8776 8827
7298 7349
6615 6666
4390 4441
1200 1251
6336 6387
6761 6812
8595 8646
2840 2891
7056 7107
4256 4307
3028 3079
2560 2611
4773 4824
6296 6347
2243 2294
210 261
1886 1937
3094 3145
9681 9732
4018 4069
8274 8325
6502 6553
1865 1916
9225 9276
8309 8360
6576 6627
3328 3379
877 928
5015 5066
6596 6647
2358 2409
148 199
438 489
5278 5329
6739 6790
1724 1775
5321 5372
757 808
6295 6346
3681 3732
3067 3118
7733 7784
935 986
5028 5079
3670 3721
1513 1564
6083 6134
7737 7788
9040 9091
3703 3754
619 670
3440 3491
8954 9005
2572 2623
6151 6202
8767 8818
2479 2530
6358 6409
8551 8602
682 733
3575 3626
3258 3309
1209 1260
1985 2036
1998 2049
989 1040
1588 1639
8251 8302
4660 4711
2780 2831
5204 5255
1803 1854
6394 6445
6291 6342
7533 7584
6439 6490
3847 3898
5942 5993
7580 7631
7588 7639
6737 6788
3859 3910
4953 5004
8504 8555
3657 3708
9153 9204
6249 6300
1928 1979
5866 5917
1158 1209
791 842
1848 1899
7895 7946
4880 4931
3459 3510
2474 2525
3948 3999
7818 7869
4670 4721
8035 8086
1814 1865
5963 6014
7536 7587
5644 5695
8643 8694
5394 5445
1577 1628
609 660
4465 4516
5502 5553
9028 9079
6438 6489
8809 8860
136 187
8720 8771
2201 2252
6317 6368
4802 4853
7404 7455
6246 6297
2767 2818
6686 6737
7130 7181
555 606
5802 5853
3197 3248
8567 8618
6782 6833
9974 10001
7994 8045
8818 8869
1877 1928
7312 7363
8043 8094
2320 2371
3575 3626
2768 2819
7478 7529
3566 3617
4830 4881
7687 7738
7411 7462
6638 6689
6726 6777
9888 9939
8340 8391
222 273
613 664
5819 5870
3192 3243
7340 7391
4226 4277
4554 4605
7530 7581
6779 6830
1196 1247
6342 6393
3843 3894
4417 4468
1444 1495
7727 7778
7887 7938
719 770
6999 7050
3831 3882
6106 6157
6019 6070
7166 7217
4573 4624
5736 5787
5680 5731
2446 2497
4818 4869
8758 8809
5176 5227
5741 5792
7965 8016
1763 1814
2765 2816
9852 9903
2213 2264
2492 2543
9086 9137
9820 9871
5353 5404
5432 5483
1302 1353
2675 2726
9274 9325
7975 8026
1023 1074
4153 4204
590 641
3767 3818
579 630
208 259
1713 1764
8972 9023
9188 9239
3212 3263
8455 8506
3116 3167
6628 6679
9642 9693
7680 7731
2520 2571
4782 4833
9404 9455
9721 9772
4254 4305
7153 7204
7144 7195
2552 2603
9962 10001
6359 6410
7717 7768
7162 7213
5378 5429
1145 1196
4954 5005
6970 7021
6673 6724
2565 2616
7825 7876
9640 9691
6308 6359
7905 7956
7248 7299
4141 4192
5372 5423
8903 8954
1601 1652
6916 6967
6687 6738
2647 2698
9120 9171
2759 2810
4071 4122
9983 10001
8146 8197
2785 2836
6082 6133
4066 4117
1991 2042
4729 4780
2070 2121
1987 2038
2029 2080
8623 8674
9364 9415
1154 1205
6869 6920
9136 9187
9378 9429
5956 6007
1896 1947
7212 7263
8387 8438
7635 7686
9200 9251
4525 4576
9860 9911
2649 2700
9215 9266
4030 4081
6263 6314
2631 2682
1020 1071
3892 3943
6897 6948
1243 1294
6574 6625
5845 5896
2002 2053
7761 7812
3287 3338
7378 7429
1091 1142
1837 1888
2633 2684
6955 7006
1397 1448
4613 4664
7525 7576
6977 7028
3416 3467
9210 9261
4259 4310
1070 1121
3650 3701
4020 4071
5321 5372
4486 4537
146 197
3988 4039
6164 6215
5687 5738
3464 3515
7697 7748
9801 9852
1464 1515
519 570
6402 6453
1827 1878
7661 7712
802 853
3588 3639
7420 7471
6611 6662
9257 9308
7028 7079
2835 2886
2335 2386
5885 5936
9490 9541
9106 9157
7666 7717
7207 7258
3504 3555
4275 4326
3365 3416
2671 2722
4156 4207
9733 9784
351 402
8986 9037
5035 5086
7848 7899
1797 1848
4474 4525
7195 7246
3365 3416
8009 8060
124 175
2224 2275
2849 2900
6677 6728
8381 8432
1451 1502
7076 7127
2661 2712
9799 9850
102 153
1848 1899
1103 1154
5512 5563
7575 7626
961 1012
1393 1444
423 474
7206 7257
9382 9433
39 90
5153 5204
8966 9017
7169 7220
2297 2348
2670 2721
1860 1911
7909 7960
3045 3096
7539 7590
4473 4524
4455 4506
9183 9234
5822 5873
9847 9898
6448 6499
5000 5051
1907 1958
5904 5955
3563 3614
1612 1663
746 797
412 463
2314 2365
570 621
8918 8969
3475 3526
8133 8184
7475 7526
3617 3668
9467 9518
571 622
5409 5460
8019 8070
7029 7080
2848 2899
2112 2163
5700 5751
1439 1490
9473 9524
7282 7333
6210 6261
9584 9635
6277 6328
6728 6779
1442 1493
3877 3928
4412 4463
1447 1498
6214 6265
4770 4821
1227 1278
6698 6749
4358 4409
7182 7233
4116 4167
5546 5597
9610 9661
1071 1122
8962 9013
3291 3342
4192 4243
6897 6948
9058 9109
4540 4591
5525 5576
6443 6494
8283 8334
1482 1533
2667 2718
8301 8352
8685 8736
8789 8840
1392 1443
6390 6441
7383 7434
6580 6631
439 490
6430 6481
9625 9676
3622 3673
7090 7141
5985 6036
4163 4214
3096 3147
1714 1765
8320 8371
4301 4352
7204 7255
2008 2059
5540 5591
508 559
32 83
262 313
3759 3810
5184 5235
9505 9556
1216 1267
669 720
5903 5954
3738 3789
6806 6857
8288 8339
1213 1264
3921 3972
5448 5499
500 551
135 186
5821 5872
3779 3830
8628 8679
7749 7800
2073 2124
7244 7295
9907 9958
865 916
810 861
4534 4585
7139 7190
4994 5045
9079 9130
2476 2527
8694 8745
3577 3628
5328 5379
6575 6626
9593 9644
2131 2182
413 464
3898 3949
2871 2922
3207 3258
1747 1798
8272 8323
3035 3086
5188 5239
3553 3604
5229 5280
7732 7783
8884 8935
7715 7766
8652 8703
937 988
348 399
9214 9265
4274 4325
5264 5315
6787 6838
5368 5419
7368 7419
1645 1696
5212 5263
4329 4380
8893 8944
6295 6346
3857 3908
2893 2944
4815 4866
9030 9081
9003 9054
1078 1129
992 1043
845 896
1469 1520
9801 9852
8244 8295
9563 9614
9587 9638
5289 5340
4773 4824
4228 4279
7391 7442
2764 2815
9349 9400
6052 6103
9068 9119
8697 8748
7371 7422
3415 3466
6221 6272
8685 8736
704 755
6017 6068
8808 8859
5549 5600
9824 9875
8418 8469
4090 4141
937 988
6191 6242
3762 3813
9347 9398
6090 6141
8575 8626
7615 7666
9392 9443
5747 5798
2103 2154
5851 5902
5385 5436
1939 1990
6208 6259
5442 5493
5973 6024
6725 6776
2395 2446
6440 6491
1090 1141
5268 5319
7214 7265
4305 4356
9148 9199
6506 6557
2360 2411
9613 9664
9570 9621
5255 5306
5794 5845
3380 3431
9182 9233
7899 7950
7936 7987
5745 5796
7729 7780
9504 9555
9663 9714
4636 4687
2458 2509
1399 1450
2657 2708
755 806
4508 4559
2400 2451
6987 7038
2523 2574
3591 3642
544 595
2468 2519
1862 1913
6581 6632
3207 3258
9152 9203
9668 9719
4609 4660
9746 9797
3923 3974
6023 6074
5145 5196
3652 3703
2285 2336
5617 5668
431 482
2366 2417
9464 9515
8543 8594
6069 6120
3013 3064
3312 3363
2257 2308
4257 4308
155 206
3013 3064
8537 8588
9020 9071
6301 6352
2185 2236
445 496
3884 3935
3450 3501
7059 7110
659 710
8749 8800
2913 2964
4229 4280
9761 9812
8677 8728
2847 2898
2379 2430
670 721
6700 6751
3293 3344
1100 1151
2622 2673
4396 4447
7134 7185
7549 7600
3754 3805
2687 2738
6492 6543
251 302
3277 3328
7531 7582
2400 2451
7005 7056
8453 8504
2939 2990
7330 7381
5051 5102
6103 6154
2914 2965
7287 7338
2806 2857
1061 1112
9775 9826
5978 6029
849 900
2774 2825
7694 7745
917 968
2068 2119
3034 3085
3721 3772
5781 5832
1330 1381
1210 1261
8754 8805
1555 1606
1523 1574
3782 3833
2325 2376
2061 2112
5970 6021
2008 2059
2123 2174
6233 6284
580 631
1732 1783
8921 8972
9363 9414
506 557
6359 6410
8385 8436
6969 7020
8032 8083
7484 7535
8361 8412
7787 7838
8979 9030
7505 7556
2948 2999
3973 4024
4986 5037
1607 1658
3498 3549
4192 4243
3424 3475
3770 3821
8752 8803
4743 4794
6832 6883
1154 1205
7953 8004
5877 5928
1193 1244
4952 5003
1371 1422
8922 8973
5227 5278
1536 1587
9443 9494
9996 10001
2345 2396
8113 8164
1233 1284
3050 3101
4380 4431
808 859
2854 2905
7629 7680
4951 5002
1184 1235
881 932
3176 3227
8505 8556
3783 3834
240 291
5727 5778
7112 7163
2841 2892
3848 3899
1652 1703
3241 3292
4405 4456
4082 4133
4998 5049
7745 7796
2652 2703
2781 2832
7021 7072
4680 4731
9678 9729
6716 6767
817 868
1512 1563
5632 5683
398 449
1434 1485
2775 2826
8329 8380
3689 3740
5350 5401
5193 5244
9445 9496
9050 9101
1544 1595
9590 9641
6315 6366
9063 9114
1575 1626
6789 6840
4424 4475
5125 5176
5918 5969
301 352
6551 6602
9157 9208
2553 2604
7721 7772
3809 3860
8976 9027
1111 1162
2937 2988
1580 1631
5117 5168
6899 6950
7105 7156
8284 8335
6503 6554
816 867
2705 2756
3335 3386
2360 2411
9057 9108
5768 5819
3663 3714
4314 4365
5912 5963
1471 1522
8496 8547
641 692
1131 1182
2177 2228
6998 7049
6148 6199
5864 5915
1746 1797
313 364
7948 7999
1890 1941
3817 3868
1666 1717
6000 6051
3156 3207
1808 1859
7633 7684
1242 1293
8528 8579
4372 4423
3758 3809
3023 3074
2640 2691
6010 6061
5180 5231
4089 4140
103 154
3082 3133
6412 6463
6438 6489
2370 2421
9241 9292
1513 1564
4138 4189
3524 3575
848 899
5676 5727
5736 5787
4883 4934
2347 2398
6132 6183
4827 4878
6355 6406
465 516
5918 5969
758 809
2052 2103
4463 4514
6075 6126
236 287
6913 6964
5504 5555
9455 9506
2139 2190
5083 5134
1495 1546
8403 8454
3166 3217
9864 9915
3285 3336
7234 7285
4089 4140
8958 9009
781 832
6963 7014
2670 2721
1545 1596
804 855
8676 8727
2857 2908
826 877
2793 2844
7132 7183
9421 9472
7836 7887
1179 1230
6424 6475
2197 2248
4427 4478
3273 3324
1052 1103
895 946
5716 5767
4005 4056
6649 6700
6283 6334
3813 3864
2155 2206
1381 1432
5543 5594
8037 8088
4147 4198
8455 8506
1523 1574
3789 3840
2811 2862
3658 3709
574 625
875 926
7816 7867
7991 8042
3244 3295
5351 5402
678 729
3928 3979
6617 6668
3586 3637
5791 5842
6700 6751
3677 3728
1003 1054
4572 4623
5927 5978
6575 6626
3793 3844
3680 3731
425 476
926 977
4952 5003
5388 5439
1039 1090
4571 4622
4725 4776
1153 1204
8989 9040
153 204
8576 8627
5068 5119
7171 7222
860 911
4756 4807
6054 6105
6354 6405
3906 3957
9375 9426
6407 6458
8003 8054
8219 8270
9553 9604
3615 3666
3636 3687
3024 3075
3673 3724
8724 8775
8079 8130
9399 9450
9311 9362
9507 9558
2557 2608
1250 1301
2831 2882
967 1018
1471 1522
8768 8819
2049 2100
544 595
9705 9756
5597 5648
9160 9211
1307 1358
1283 1334
247 298
9823 9874
2483 2534
729 780
1136 1187
8022 8073
5169 5220
5324 5375
1933 1984
6729 6780
5534 5585
3835 3886
5124 5175
1597 1648
5214 5265
7343 7394
6840 6891
2706 2757
3794 3845
233 284
7044 7095
9392 9443
6704 6755
5866 5917
8402 8453
6569 6620
8325 8376
5802 5853
7090 7141
1736 1787
6221 6272
9624 9675
7109 7160
1588 1639
6782 6833
4450 4501
8547 8598
1717 1768
3666 3717
7707 7758
9862 9913
5360 5411
2052 2103
1518 1569
4640 4691
5375 5426
9503 9554
1585 1636
5235 5286
1703 1754
2721 2772
9157 9208
2718 2769
1005 1056
832 883
9189 9240
314 365
3336 3387
4540 4591
195 246
3666 3717
8316 8367
6714 6765
6952 7003
679 730
2252 2303
3930 3981
316 367
6541 6592
4177 4228
7918 7969
7584 7635
7959 8010
6087 6138
1163 1214
5296 5347
9587 9638
1942 1993
839 890
1796 1847
9394 9445
6787 6838
7012 7063
1016 1067
6274 6325
688 739
5924 5975
9992 10001
7117 7168
9570 9621
6450 6501
2520 2571
2779 2830
3913 3964
3891 3942
9564 9615
7566 7617
6239 6290
331 382
8453 8504
3428 3479
6581 6632
8651 8702
1749 1800
6957 7008
880 931
41 92
4286 4337
169 220
2556 2607
6799 6850
3833 3884
449 500
6227 6278
6713 6764
1075 1126
9806 9857
9777 9828
2008 2059
2744 2795
242 293
9106 9157
2923 2974
8748 8799
4051 4102
4153 4204
4759 4810
3006 3057
6601 6652
3942 3993
5291 5342
4790 4841
890 941
8326 8377
6459 6510
3824 3875
7375 7426
6079 6130
3875 3926
1988 2039
7175 7226
5239 5290
4012 4063
5250 5301
6141 6192
7979 8030
5673 5724
5264 5315
6167 6218
5473 5524
2578 2629
4625 4676
9743 9794
7091 7142
3525 3576
2593 2644
4875 4926
6909 6960
9366 9417
1938 1989
9900 9951
4525 4576
8307 8358
6402 6453
6702 6753
6465 6516
3969 4020
1204 1255
8088 8139
8459 8510
5123 5174
7152 7203
2406 2457
8854 8905
4522 4573
3983 4034
3833 3884
6810 6861
5517 5568
1066 1117
7191 7242
6673 6724
4499 4550
8813 8864
2449 2500
2082 2133
523 574
4274 4325
510 561
8289 8340
4767 4818
5859 5910
777 828
5445 5496
7934 7985
338 389
8767 8818
8088 8139
3153 3204
3567 3618
9375 9426
405 456
224 275
324 375
2296 2347
1053 1104
1877 1928
3775 3826
2338 2389
9044 9095
910 961
62 113
6024 6075
697 748
5654 5705
4135 4186
7519 7570
8769 8820
6103 6154
5453 5504
6122 6173
924 975
831 882
9457 9508
955 1006
4634 4685
7734 7785
9583 9634
9533 9584
8182 8233
8897 8948
2278 2329
6687 6738
2828 2879
1733 1784
2411 2462
613 664
9240 9291
3853 3904
6931 6982
6758 6809
2790 2841
5542 5593
611 662
3265 3316
4114 4165
9174 9225
7358 7409
6337 6388
2933 2984
4025 4076
2681 2732
2463 2514
5667 5718
2061 2112
2265 2316
8953 9004
6706 6757
9749 9800
7122 7173
5374 5425
1129 1180
3183 3234
8054 8105
7351 7402
9884 9935
2767 2818
9877 9928
5362 5413
3679 3730
1130 1181
2578 2629
9993 10001
2974 3025
4309 4360
7558 7609
738 789
1719 1770
5018 5069
1792 1843
5753 5804
6469 6520
4155 4206
8517 8568
4505 4556
4256 4307
3511 3562
696 747
3976 4027
5440 5491
7856 7907
5773 5824
7469 7520
3672 3723
6590 6641
5858 5909
6257 6308
7201 7252
1506 1557
3756 3807
2175 2226
6154 6205
2037 2088
4013 4064
3214 3265
4129 4180
3352 3403
4665 4716
9211 9262
8140 8191
4814 4865
1500 1551
416 467
5818 5869
4934 4985
2920 2971
6887 6938
1262 1313
9162 9213
6688 6739
1475 1526
9357 9408
3904 3955
9039 9090
9901 9952
8913 8964
2193 2244
1680 1731
8439 8490
9741 9792
586 637
7910 7961
3298 3349
6897 6948
2438 2489
4362 4413
9087 9138
5806 5857
3754 3805
8411 8462
5116 5167
756 807
4877 4928
3303 3354
4482 4533
3074 3125
7928 7979
4909 4960
9320 9371
7912 7963
5549 5600
4015 4066
6510 6561
4850 4901
5303 5354
9474 9525
1916 1967
8503 8554
6589 6640
9863 9914
7898 7949
1831 1882
4519 4570
6914 6965
1606 1657
6782 6833
5798 5849
1618 1669
2796 2847
6533 6584
2394 2445
8686 8737
3626 3677
4603 4654
7223 7274
6932 6983
7928 7979
2154 2205
56 107
377 428
9860 9911
9293 9344
832 883
602 653
2860 2911
9183 9234
8769 8820
4733 4784
3199 3250
4981 5032
9407 9458
2593 2644
3775 3826
1516 1567
6506 6557
6603 6654
9112 9163
5952 6003
9 60
9235 9286
225 276
8028 8079
8834 8885
2276 2327
4041 4092
3312 3363
9428 9479
504 555
2652 2703
8097 8148
3954 4005
6601 6652
390 441
7172 7223
8244 8295
7850 7901
2314 2365
6231 6282
3257 3308
5588 5639
6358 6409
5719 5770
9400 9451
6205 6256
8227 8278
2448 2499
965 1016
7706 7757
849 900
5043 5094
2450 2501
7907 7958
2060 2111
356 407
5109 5160
4485 4536
4806 4857
5316 5367
6249 6300
2732 2783
1560 1611
9060 9111
6393 6444
2005 2056
8138 8189
6604 6655
5467 5518
9170 9221
4361 4412
7554 7605
2008 2059
7392 7443
5940 5991
7094 7145
872 923
4542 4593
384 435
2522 2573
4394 4445
8291 8342
1926 1977
4172 4223
8057 8108
1410 1461
469 520
1000 1051
8828 8879
8532 8583
524 575
2943 2994
4863 4914
7775 7826
2032 2083
6223 6274
7534 7585
6327 6378
8637 8688
8492 8543
1487 1538
2285 2336
1378 1429
9241 9292
9507 9558
1266 1317
7319 7370
2907 2958
5521 5572
7169 7220
1836 1887
2691 2742
4635 4686
1322 1373
2037 2088
6656 6707
173 224
1765 1816
6557 6608
4668 4719
3638 3689
890 941
4656 4707
7852 7903
5399 5450
8248 8299
4518 4569
7499 7550
5657 5708
184 235
3109 3160
4550 4601
86 137
4840 4891
5500 5551
8870 8921
9160 9211
1849 1900
798 849
9741 9792
2450 2501
2257 2308
3897 3948
866 917
7415 7466
6112 6163
6545 6596
5351 5402
4619 4670
5799 5850
7879 7930
9324 9375
6527 6578
8614 8665
2048 2099
1244 1295
5932 5983
748 799
1350 1401
8076 8127
1259 1310
2458 2509
586 637
9163 9214
4488 4539
4522 4573
4698 4749
5061 5112
8139 8190
4639 4690
8092 8143
7484 7535
5564 5615
5897 5948
2145 2196
5139 5190
1188 1239
9163 9214
2935 2986
7361 7412
7834 7885
8934 8985
2160 2211
655 706
3151 3202
4229 4280
4649 4700
7324 7375
9052 9103
6659 6710
3534 3585
4766 4817
481 532
4236 4287
8083 8134
2994 3045
6003 6054
3765 3816
9793 9844
4972 5023
9881 9932
3683 3734
5239 5290
8984 9035
2572 2623
1593 1644
5992 6043
7560 7611
782 833
8993 9044
5758 5809
2489 2540
2781 2832
3928 3979
6920 6971
6424 6475
4830 4881
5956 6007
5602 5653
3171 3222
7852 7903
8706 8757
699 750
251 302
2459 2510
8098 8149
5668 5719
7408 7459
3033 3084
3929 3980
1843 1894
9305 9356
5312 5363
6014 6065
2218 2269
7325 7376
274 325
7119 7170
6816 6867
2281 2332
3394 3445
9148 9199
8508 8559
1647 1698
361 412
1645 1696
8049 8100
1254 1305
4097 4148
3562 3613
4057 4108
5472 5523
5100 5151
5651 5702
5037 5088
3999 4050
9602 9653
585 636
4264 4315
2498 2549
4553 4604
3036 3087
1684 1735
5593 5644
3244 3295
7919 7970
9015 9066
9390 9441
7398 7449
2070 2121
6816 6867
359 410
1086 1137
2881 2932
9858 9909
8120 8171
4447 4498
8501 8552
9596 9647
287 338
5734 5785
8613 8664
9113 9164
1205 1256
1015 1066
2417 2468
2265 2316
7909 7960
5791 5842
7393 7444
2885 2936
8182 8233
3928 3979
3251 3302
5961 6012
6628 6679
7746 7797
3465 3516
622 673
4924 4975
8002 8053
9273 9324
7305 7356
4630 4681
727 778
7559 7610
7397 7448
5386 5437
3234 3285
7043 7094
1309 1360
2191 2242
5141 5192
6598 6649
249 300
4909 4960
9544 9595
4333 4384
5819 5870
5800 5851
5916 5967
359 410
1792 1843
9313 9364
3931 3982
9864 9915
6401 6452
4957 5008
7414 7465
2288 2339
7232 7283
8460 8511
5630 5681
9333 9384
2180 2231
5894 5945
5468 5519
2272 2323
8131 8182
2981 3032
6117 6168
435 486
4776 4827
64 115
1010 1061
4863 4914
5001 5052
2176 2227
5983 6034
6030 6081
8586 8637
8198 8249
7369 7420
3396 3447
6772 6823
1699 1750
2442 2493
5335 5386
2349 2400
3742 3793
8309 8360
1160 1211
4543 4594
6425 6476
1355 1406
6821 6872
3024 3075
4379 4430
8985 9036
7984 8035
8650 8701
5148 5199
9546 9597
6539 6590
3757 3808
3399 3450
5667 5718
220 271
371 422
3547 3598
3325 3376
1265 1316
1085 1136
3642 3693
88 139
8604 8655
9853 9904
5408 5459
4294 4345
8073 8124
3602 3653
6176 6227
1761 1812
9345 9396
3534 3585
5020 5071
3122 3173
3860 3911
7709 7760
6506 6557
7078 7129
1639 1690
7142 7193
33 84
5548 5599
3710 3761
9062 9113
5939 5990
637 688
8272 8323
8719 8770
2128 2179
351 402
4553 4604
2432 2483
1319 1370
4087 4138
1792 1843
40 91
9879 9930
4168 4219
1318 1369
7393 7444
1187 1238
3357 3408
8127 8178
5459 5510
1841 1892
7013 7064
7008 7059
9653 9704
6589 6640
3449 3500
5247 5298
624 675
8617 8668
9294 9345
9994 10001
7163 7214
4029 4080
6583 6634
1512 1563
5822 5873
8340 8391
6446 6497
3583 3634
3881 3932
2870 2921
7019 7070
4716 4767
5918 5969
2642 2693
7405 7456
3987 4038
1302 1353
5017 5068
2666 2717
3064 3115
7008 7059
8236 8287
5681 5732
2916 2967
5734 5785
6296 6347
3546 3597
9870 9921
7465 7516
4680 4731
4527 4578
6071 6122
675 726
8019 8070
6852 6903
1216 1267
3290 3341
8718 8769
6832 6883
4805 4856
8587 8638
447 498
8781 8832
4707 4758
2134 2185
1070 1121
5294 5345
2229 2280
4301 4352
2171 2222
5426 5477
1291 1342
8995 9046
9222 9273
9809 9860
3531 3582
2475 2526
7863 7914
7153 7204
9240 9291
5195 5246
4988 5039
9156 9207
5319 5370
5647 5698
6566 6617
5432 5483
3814 3865
1609 1660
8217 8268
435 486
813 864
4083 4134
1546 1597
915 966
5775 5826
7713 7764
4684 4735
8732 8783
5800 5851
6784 6835
4765 4816
1742 1793
1084 1135
9655 9706
5135 5186
6782 6833
2096 2147
2263 2314
5061 5112
6304 6355
5584 5635
3699 3750
8051 8102
6691 6742
45 96
9191 9242
6459 6510
722 773
9014 9065
6131 6182
9469 9520
839 890
4145 4196
3968 4019
2586 2637
2970 3021
2713 2764
4714 4765
5060 5111
7593 7644
5053 5104
9596 9647
2245 2296
8032 8083
6887 6938
9362 9413
5889 5940
7344 7395
964 1015
3065 3116
7556 7607
9513 9564
45 96
300 351
1905 1956
4302 4353
9305 9356
4423 4474
8445 8496
8390 8441
6028 6079
421 472
8178 8229
3184 3235
3542 3593
9397 9448
3658 3709
8273 8324
7823 7874
3345 3396
5283 5334
1917 1968
4350 4401
5071 5122
8816 8867
2192 2243
6474 6525
2482 2533
411 462
5950 6001
5289 5340
6606 6657
5569 5620
7593 7644
8070 8121
3429 3480
7430 7481
9118 9169
9560 9611
5549 5600
6657 6708
7083 7134
1572 1623
8386 8437
5154 5205
7315 7366
7232 7283
5149 5200
9431 9482
781 832
2873 2924
4921 4972
2505 2556
2275 2326
2678 2729
4360 4411
7807 7858
5492 5543
8884 8935
9043 9094
5608 5659
1825 1876
8537 8588
5275 5326
9821 9872
5509 5560
2991 3042
4418 4469
3183 3234
2860 2911
3776 3827
4069 4120
3260 3311
7225 7276
3970 4021
2821 2872
2266 2317
9508 9559
7041 7092
4431 4482
9039 9090
9157 9208
1845 1896
8684 8735
3164 3215
6525 6576
6833 6884
1281 1332
5130 5181
3638 3689
5477 5528
3618 3669
1211 1262
2341 2392
3942 3993
8686 8737
2302 2353
9656 9707
1021 1072
4027 4078
5304 5355
2145 2196
8923 8974
7656 7707
1299 1350
9884 9935
7218 7269
6652 6703
8283 8334
3733 3784
1294 1345
9175 9226
430 481
8596 8647
9202 9253
9366 9417
5266 5317
2876 2927
3169 3220
9491 9542
1753 1804
1144 1195
8527 8578
7457 7508
7132 7183
6365 6416
7330 7381
5791 5842
1841 1892
9093 9144
6493 6544
9865 9916
9197 9248
761 812
4841 4892
815 866
4094 4145
7127 7178
7440 7491
6317 6368
7678 7729
621 672
2700 2751
4563 4614
4855 4906
8536 8587
7921 7972
3461 3512
1884 1935
2464 2515
6743 6794
2962 3013
7948 7999
4208 4259
2218 2269
4950 5001
7808 7859
312 363
1305 1356
5995 6046
2282 2333
7541 7592
9286 9337
737 788
2527 2578
4875 4926
2236 2287
167 218
4486 4537
5859 5910
1126 1177
9419 9470
4097 4148
5713 5764
3836 3887
5865 5916
4550 4601
4965 5016
5139 5190
6425 6476
3908 3959
5695 5746
8809 8860
9416 9467
9063 9114
6226 6277
4793 4844
8802 8853
9901 9952
4672 4723
4019 4070
3730 3781
4832 4883
3685 3736
9603 9654
9588 9639
6714 6765
2834 2885
6662 6713
8887 8938
3348 3399
3756 3807
9533 9584
9810 9861
7629 7680
9137 9188
7532 7583
8091 8142
2789 2840
2854 2905
1570 1621
4203 4254
6302 6353
5990 6041
2699 2750
1271 1322
9462 9513
5404 5455
9655 9706
5 56
1223 1274
5569 5620
850 901
2876 2927
2284 2335
3565 3616
8822 8873
7780 7831
7210 7261
7273 7324
160 211
3804 3855
6963 7014
69 120
1331 1382
5876 5927
7896 7947
9939 9990
8728 8779
4049 4100
133 184
1147 1198
9189 9240
3783 3834
4275 4326
3078 3129
3044 3095
1094 1145
3041 3092
7230 7281
7564 7615
7804 7855
2570 2621
1623 1674
5826 5877
9285 9336
9941 9992
3039 3090
541 592
7726 7777
2521 2572
6592 6643
35 86
1739 1790
9649 9700
6628 6679
9404 9455
9426 9477
5868 5919
3955 4006
9799 9850
1183 1234
3645 3696
9208 9259
1673 1724
6518 6569
574 625
3935 3986
8042 8093
892 943
3206 3257
8172 8223
3171 3222
7475 7526
717 768
1625 1676
3395 3446
3140 3191
7824 7875
3163 3214
4441 4492
1290 1341
3150 3201
908 959
7116 7167
5881 5932
120 171
3182 3233
2113 2164
6156 6207
8250 8301
745 796
4306 4357
3822 3873
8124 8175
5685 5736
7447 7498
6707 6758
9214 9265
9436 9487
710 761
9436 9487
8049 8100
2337 2388
9927 9978
9518 9569
7349 7400
4347 4398
2896 2947
2488 2539
594 645
6681 6732
2878 2929
5885 5936
9877 9928
5876 5927
9416 9467
4127 4178
9590 9641
4108 4159
4110 4161
7918 7969
872 923
2767 2818
3289 3340
8955 9006
9777 9828
3980 4031
5777 5828
8943 8994
6344 6395
4044 4095
5998 6049
4774 4825
1144 1195
4579 4630
5134 5185
6966 7017
9372 9423
8941 8992
7181 7232
321 372
6067 6118
1159 1210
7095 7146
8632 8683
483 534
4479 4530
9360 9411
2625 2676
6476 6527
2442 2493
2528 2579
6421 6472
7121 7172
1948 1999
3848 3899
9961 10001
4307 4358
3157 3208
5336 5387
4846 4897
8622 8673
9407 9458
3932 3983
7821 7872
9378 9429
141 192
2573 2624
4738 4789
8626 8677
6414 6465
7532 7583
7081 7132
9109 9160
7022 7073
5377 5428
3334 3385
8350 8401
1503 1554
2908 2959
1160 1211
4713 4764
6380 6431
3715 3766
1347 1398
2453 2504
836 887
5246 5297
4466 4517
7474 7525
1551 1602
7087 7138
9799 9850
3186 3237
6551 6602
5234 5285
5436 5487
2459 2510
8622 8673
5720 5771
4353 4404
6036 6087
9869 9920
5418 5469
8001 8052
7726 7777
3083 3134
8342 8393
259 310
4234 4285
9197 9248
3798 3849
5504 5555
3774 3825
3312 3363
826 877
124 175
7720 7771
3720 3771
163 214
2902 2953
3121 3172
6556 6607
6504 6555
1931 1982
6232 6283
5445 5496
412 463
2532 2583
585 636
4987 5038
7831 7882
9110 9161
2097 2148
4371 4422
7814 7865
4961 5012
7559 7610
8599 8650
6611 6662
5313 5364
3729 3780
7422 7473
8999 9050
4819 4870
1430 1481
7907 7958
2094 2145
4424 4475
8574 8625
3395 3446
1132 1183
2347 2398
6739 6790
5793 5844
5164 5215
3030 3081
9229 9280
7982 8033
8107 8158
9328 9379
1955 2006
2270 2321
4702 4753
8715 8766
7420 7471
6170 6221
2042 2093
8978 9029
8301 8352
6232 6283
6510 6561
4674 4725
6723 6774
7839 7890
32 83
8253 8304
2228 2279
9883 9934
8384 8435
4454 4505
1070 1121
4046 4097
4395 4446
9462 9513
4579 4630
4993 5044
5140 5191
953 1004
3714 3765
6360 6411
3811 3862
9193 9244
7297 7348
3536 3587
636 687
654 705
2399 2450
175 226
9907 9958
9068 9119
851 902
8212 8263
523 574
5918 5969
3428 3479
7465 7516
1525 1576
1140 1191
5223 5274
4193 4244
6271 6322
2543 2594
128 179
9497 9548
753 804
2617 2668
505 556
9914 9965
8381 8432
7376 7427
6484 6535
721 772
4067 4118
8625 8676
8265 8316
308 359
5503 5554
3707 3758
5476 5527
